4.875	1994	9.5	肖申克的救赎(318)
4.732	1980	8.7	谁在那儿歌唱？(5194)
4.718	1993	9.3	辛德勒的名单(527)
4.700	1995	8.5	非常嫌疑犯(50)
4.688	2006	9.0	窃听风暴(44555)
4.676	1954	8.3	后窗(904)
4.644	1999	8.7	黑客帝国(2571)
4.641	1981	7.8	夺宝奇兵(1198)
4.631	1934	7.7	瘦子(950)
4.604	1985	8.3	蒲公英(3819)
4.603	1980	8.2	星球大战2：帝国反击战(1196)
4.594	1995	8.8	超级无敌掌门狗：剃刀边缘(745)
4.592	1985	9.0	浩劫(6896)
4.591	1959	8.1	西北偏北(908)
4.589	1946	7.2	平步青云(8516)
4.581	1949	8.1	第三人(1212)
4.578	1961	8.6	用心棒(3030)
4.575	1969	8.3	悲哀和怜悯(32853)
4.574	1997	9.4	美丽人生(2324)
4.571	2002	8.9	上帝之城(6016)
4.566	1972	9.2	教父(858)
4.562	1999	9.1	搏击俱乐部(2959)
4.561	1977	8.2	星球大战(260)
4.558	1991	8.6	沉默的羔羊(593)
4.556	1955	8.7	大地之歌(668)
4.552	1989	NaN	None(1172)
4.550	1949	8.4	仁心与冠冕(6650)
4.542	1998	8.5	美国X档案(2329)
4.542	1957	9.3	十二怒汉(1203)
4.541	2003	9.0	指环王3：王者无敌(7153)
4.538	1973	8.6	骗中骗(1234)
4.537	1959	8.8	大树之歌(670)
4.536	1951	7.8	火车怪客(2186)
4.535	1957	8.6	光荣之路(1178)
4.531	1989	NaN	None(1218)
4.529	2008	8.0	对话尼克松(64620)
4.529	1975	7.5	国王迷(1303)
4.528	2001	8.8	天使爱美丽(4973)
4.527	1975	9.0	飞越疯人院(1193)
4.522	1958	8.5	迷魂记(903)
4.519	1931	8.3	M就是凶手(1260)
4.519	1998	0.0	亡命煞星(3077)
4.518	1942	8.6	卡萨布兰卡(912)
4.514	2001	8.8	指环王1：魔戒再现(4993)
4.514	1974	9.0	教父2(1221)
4.513	1988	NaN	None(26614)
4.513	2000	8.5	记忆碎片(4226)
4.513	2002	8.8	指环王2：双塔奇兵(5952)
4.511	1998	8.5	黑猫白猫(2843)
4.510	1999	8.7	第六感(2762)
4.507	1933	7.1	鸭羹(1256)
4.505	1954	9.1	七武士(2019)
4.503	1964	8.7	奇爱博士(750)
4.499	1995	8.7	勇敢的心(110)
4.499	1993	8.8	超级无敌掌门狗：引鹅入室(1148)
4.497	1948	7.9	盖世枭雄(3334)
4.491	1987	6.7	公主新娘(1197)
4.491	1946	7.4	夜长梦多(1284)
4.490	1956	8.4	杀手(2726)
4.488	1946	7.6	吉尔达(2940)
4.488	1953	8.9	罗马假日(916)
4.487	1987	9.1	种树的牧羊人(32657)
4.486	1956	8.8	死囚越狱(8684)
4.485	1958	8.3	历劫佳人(1248)
4.480	1986	8.4	不法之徒(1273)
4.479	2003	9.3	灿烂人生(7767)
4.477	1940	7.5	费城故事(898)
4.476	1979	NaN	None(7762)
4.476	1934	8.5	一夜风流(905)
4.476	1985	8.6	乱(1217)
4.475	2001	9.0	千与千寻(5618)
4.475	1989	8.5	超级无敌掌门狗：月球野餐记(1223)
4.473	1976	8.4	惊恐、污秽、邪恶(33451)
4.472	1955	8.4	词语(6981)
4.471	1988	9.1	龙猫(5971)
4.470	1992	NaN	None(3265)
4.469	1962	NaN	None(32892)
4.469	1981	8.9	从海底出击(1233)
4.468	1940	8.0	女友礼拜五(951)
4.467	1991	8.0	大红灯笼高高挂(1280)
4.467	1975	8.0	巨蟒与圣杯(1136)
4.467	1995	9.2	地下(665)
4.465	1994	8.7	暴雨将至(214)
4.463	1941	7.6	马耳他之鹰(913)
4.463	1998	8.5	更多(4454)
4.463	1943	7.5	辣手摧花(2203)
4.462	1963	8.3	大逃亡(1262)
4.461	1977	8.2	特殊的一天(32649)
4.460	1946	7.8	美人计(930)
4.460	2008	9.3	机器人总动员(60069)
4.459	1957	9.4	控方证人(5008)
4.459	1998	8.7	拯救大兵瑞恩(2028)
4.458	1941	7.7	淑女伊芙(2935)
4.458	2001	7.4	死亡幻觉(4878)
4.458	2008	7.5	钢铁侠(59315)
4.457	1957	8.1	登龙一梦(3038)
4.457	1973	8.8	婚姻生活(7396)
4.456	1990	8.7	信任(1236)
4.455	1940	8.2	蝴蝶梦(928)
4.455	1954	8.5	电话谋杀案(1086)
4.454	1957	NaN	None(6918)
4.451	1963	8.2	野百合(4187)
4.450	2003	NaN	None(31903)
4.448	1969	8.0	傻瓜入狱记(1963)
4.447	2003	7.9	战争迷雾(7156)
4.446	1942	7.1	棕榈滩的故事(2937)
4.444	1944	8.5	双重赔偿(3435)
4.444	1994	9.3	阿甘正传(356)
4.443	1944	8.0	罗拉秘史(942)
4.443	1988	0.0	亲蜜敌人(5690)
4.443	1944	7.6	毒药与老妇(1269)
4.441	1966	9.1	黄金三镖客(1201)
4.441	1952	8.9	雨中曲(899)
4.440	1999	8.3	美国丽人(2858)
4.439	1961	7.7	江湖浪子(3468)
4.439	1990	8.3	好家伙(1213)
4.438	1995	8.1	以祖国之名(632)
4.438	1957	8.3	第七封印(1237)
4.438	1938	8.0	贵妇失踪记(2208)
4.436	1962	8.3	杀死一只知更鸟(1207)
4.436	1994	8.7	蓝白红三部曲之红(306)
4.435	1996	7.5	当我们是拳王的日子(1147)
4.433	2004	0.0	The Puppeteer(27815)
4.433	1960	8.3	风的传人(3469)
4.433	1966	8.7	假面(7327)
4.433	1986	7.8	甘泉玛侬(1132)
4.430	1983	8.1	星球大战3：绝地归来(1210)
4.430	1931	0.0	枭巢喋血战(8228)
4.429	1935	8.1	礼帽(945)
4.429	1961	8.9	人间的条件（第五、六部）(26073)
4.429	1959	8.5	人间的条件（第一、二部）(26048)
4.428	1961	NaN	None(2732)
4.427	1980	8.8	影子武士(3091)
4.425	2002	8.9	钢琴家(5995)
4.424	1966	7.8	日月精忠(1949)
4.423	1962	0.0	Requiem for a Heavyweight(5398)
4.422	1982	8.0	银翼杀手(541)
4.421	1989	8.1	夺宝奇兵3(1291)
4.421	2006	7.0	无间道风云(48516)
4.420	1989	8.1	衣食住行(3429)
4.420	1993	7.8	亡命天涯(457)
4.418	1990	8.5	父亲的荣耀(5839)
4.417	1988	8.1	细细的蓝线(1189)
4.415	1984	0.0	小警察，皮诺(3683)
4.415	1986	8.7	面向东南方的男人(2938)
4.414	1964	8.2	五月中的七天(3634)
4.413	1959	8.7	四百击(2731)
4.413	1987	8.1	红高粱(2972)
4.413	1967	7.7	盲女惊魂记(6639)
4.413	1955	8.6	男人的争斗(4298)
4.413	1963	7.9	谜中谜(911)
4.413	1966	8.1	偷龙转凤(8033)
4.411	1997	8.6	心灵捕手(1704)
4.410	1957	7.4	电脑风云(6970)
4.409	1996	8.9	超级无敌掌门狗：阿德曼动画精选(720)
4.409	1958	8.4	通往绞刑架的电梯(32179)
4.409	1953	8.4	战地军魂(3196)
4.408	1996	7.8	失乐天堂：罗宾汉山儿童谋杀案(1361)
4.407	1994	9.4	这个杀手不太冷(293)
4.407	1983	NaN	None(8827)
4.406	1950	8.7	日落大道(922)
4.406	1934	7.3	二十世纪快车(32160)
4.406	2003	8.5	春夏秋冬又一春(8014)
4.406	1971	8.3	巨蟒剧团：前所未有的表演|And Now for Something Completely Different(2788)
4.405	1974	8.2	唐人街(1252)
4.404	1984	9.1	别假正经(2859)
4.404	1940	8.6	街角的商店(3097)
4.404	1997	8.5	洛城机密(1617)
4.404	1983	7.6	太空先锋(1231)
4.404	1930	6.8	疯狂的动物(7706)
4.404	1987	8.5	再见，孩子们(8128)
4.403	1994	8.6	重庆森林(123)
4.402	1993	0.0	新加坡弹弓(678)
4.402	2008	7.6	生人勿进(61240)
4.402	1995	NaN	None(47)
4.402	1987	7.5	怒火战线(3090)
4.402	1998	8.1	红色小提琴(2686)
4.401	1996	0.0	Un cos al bosc (1996)(2330)
4.401	1989	0.0	奴仆时代(2931)
4.401	1949	8.0	野良犬(7924)
4.400	1993	8.6	喜宴(7023)
4.399	1951	7.1	地球停转之日(1253)
4.399	2007	0.0	蝴蝶(55814)
4.399	1946	9.1	生活多美好(953)
4.398	1995	8.3	怒火青春(97)
4.398	2002	8.6	对她说(5878)
4.398	2000	0.0	惊爆大选绑票案(3275)
4.396	1999	8.6	绿里奇迹(3147)
4.394	1948	NaN	None(3089)
4.394	1978	8.6	最后华尔兹(5385)
4.393	1950	8.4	彗星美人(926)
4.393	1951	7.6	拉凡德山的暴徒(5603)
4.392	1962	7.1	满洲候选人(1267)
4.392	1996	8.3	给我一个爸(1446)
4.392	1944	7.8	逃亡(7215)
4.392	1986	8.2	恋恋山城(1131)
4.392	1981	0.0	逃亡者(5782)
4.392	2003	8.4	大企业(27846)
4.391	1957	9.0	卡比利亚之夜(2351)
4.390	1998	8.1	家宴(2360)
4.390	1996	8.0	弹簧刀(1358)
4.390	1962	8.6	审判(6460)
4.389	1970	8.1	巴顿将军(1272)
4.388	2004	8.7	卢旺达饭店(30749)
4.387	1982	8.5	甘地传(1293)
4.387	1950	6.9	绛帐海棠香(3341)
4.387	1952	8.3	正午(1283)
4.385	1994	7.9	精武英雄(26865)
4.385	1985	8.2	妙想天开(1199)
4.384	2003	NaN	None(27611)
4.383	1997	8.7	幽灵公主(3000)
4.383	1955	8.0	罗伯茨先生(3035)
4.383	2004	8.6	哈尔的移动城堡(31658)
4.382	1989	7.9	光荣(1242)
4.381	1967	7.7	炎热的夜晚(1950)
4.381	1970	7.9	鼹鼠(26258)
4.381	1971	8.3	哈洛与慕德(1235)
4.381	1955	7.0	捉贼记(933)
4.379	1963	8.5	仆人(5022)
4.379	1998	7.3	地狱搜查线(2930)
4.379	2000	8.5	偷拐抢骗(4011)
4.378	1984	8.2	杀戮战场(1299)
4.378	1945	7.8	欲海情魔(2612)
4.377	1982	8.6	电影梦(5932)
4.377	2006	8.5	坠入(59387)
4.376	1967	8.1	铁窗喋血(1276)
4.376	1992	6.9	终极斗士(8132)
4.375	2005	8.7	没有家的方向(38304)
4.374	1998	8.7	中央车站(2357)
4.373	1941	6.5	Shadow of the Thin Man(7833)
4.373	1965	8.5	日瓦戈医生(2067)
4.372	1950	8.7	罗生门(5291)
4.371	2007	8.6	谍影重重3(54286)
4.370	1984	8.6	莫扎特传(1225)
4.370	1937	8.4	大幻影(3134)
4.370	1963	8.5	八部半(1251)
4.365	1956	6.8	四海一家(4046)
4.365	1942	7.3	扬帆(4920)
4.364	2003	8.6	冰峰168小时(7256)
4.364	2008	8.3	摔角王(64839)
4.364	1996	8.3	变脸(2609)
4.363	2000	8.3	爱情是狗娘(4235)
4.361	1991	8.0	黑店狂想曲(1175)
4.361	2005	NaN	None(27773)
4.360	1950	8.1	兰闺艳血(6273)
4.360	1976	8.4	出租车司机(111)
4.359	1987	8.5	查令十字街84号(5404)
4.359	1984	8.7	风之谷(7099)
4.358	1986	NaN	None(6644)
4.358	1957	0.0	彩凤伴金龙(3096)
4.357	1994	0.0	A Great Day in Harlem(602)
4.357	1989	6.6	难以置信的事实(4183)
4.356	2008	8.2	米尔克(63876)
4.356	1964	8.8	典当商(3789)
4.355	1936	7.6	我的高德弗里(947)
4.354	1955	7.2	君子好逑(1946)
4.353	1999	8.4	十月的天空(2501)
4.353	1951	7.5	非洲女王号(969)
4.351	2004	8.6	撞车(33166)
4.351	1997	8.3	小小迪特想要飞(5059)
4.350	1979	8.2	告别昨日(3359)
4.350	1936	7.5	迷雾重重(7834)
4.349	1999	9.1	乐满哈瓦那(2677)
4.349	1949	8.4	歼匪喋血战(8491)
4.349	1962	9.1	切腹(26082)
4.349	1983	7.7	圣诞故事(2804)
4.347	1996	9.0	微观世界(1111)
4.347	2005	7.9	蝙蝠侠：侠影之谜(33794)
4.346	2004	8.2	勇往直前(27727)
4.345	1970	8.0	小巨人(3037)
4.345	1988	8.1	虎胆龙威(1036)
4.345	1999	8.6	史崔特先生的故事(2966)
4.345	1975	8.3	爱与死(3814)
4.344	2006	7.7	潘神的迷宫(48394)
4.344	2003	8.1	心灵驿站(6867)
4.344	1976	7.9	西部执法者(3508)
4.344	1935	7.8	三十九级台阶(965)
4.343	1962	8.3	最长的一天(3062)
4.343	1998	8.9	珠穆朗玛峰(1797)
4.343	1982	0.0	Marathon(6098)
4.342	1994	8.7	邮差(58)
4.342	1953	7.9	大内幕(5017)
4.341	1996	8.0	小孤星(1545)
4.341	1960	7.9	射杀钢琴师(7135)
4.341	1939	8.8	史密斯先生到华盛顿(954)
4.341	1987	0.0	游向高棉(7478)
4.341	1986	NaN	None(1296)
4.341	1982	6.7	没用的圣诞老人(6119)
4.340	2005	7.7	决战的理由(37240)
4.340	1927	NaN	None(3022)
4.339	1983	8.2	疤面煞星(4262)
4.339	1968	8.6	西部往事(1209)
4.339	2004	8.4	暖暖内含光(7361)
4.339	1998	8.2	罗拉快跑(2692)
4.338	1995	8.3	赛璐路壁橱(581)
4.337	1979	7.8	异形(1214)
4.337	1948	8.5	碧血金沙(1254)
4.337	1976	7.8	惊天大阴谋(6787)
4.337	1945	8.4	死亡之夜(6967)
4.337	1994	7.2	战士奇兵(290)
4.336	1986	8.9	伴我同行(1259)
4.336	1956	7.8	搜索者(3365)
4.336	1959	8.1	桃色血案(3801)
4.336	1962	8.5	阿拉伯的劳伦斯(1204)
4.336	1938	7.5	育婴奇谭(955)
4.335	1941	8.4	公民凯恩(923)
4.335	2001	8.5	无主之地(4967)
4.335	2000	9.2	南极坚忍号(4783)
4.335	1964	8.4	法外之徒(6023)
4.334	1998	9.1	两杆大烟枪(2542)
4.334	1975	8.4	德尔苏·乌扎拉(3470)
4.332	1987	7.6	赌场(4037)
4.330	1991	8.6	黑暗之心(26729)
4.330	1996	8.1	谈谈情跳跳舞(1537)
4.327	1957	8.1	桂河大桥(1250)
4.327	1959	8.6	热情如火(910)
4.327	2007	7.9	朱诺(56367)
4.326	1995	7.8	堕落天使(1757)
4.326	1980	8.4	愤怒的公牛(1228)
4.326	1983	NaN	None(1289)
4.325	2007	8.7	荒野生存(55247)
4.325	1996	8.0	愈爱愈美丽(1046)
4.325	2002	7.6	拼字比赛(6331)
4.324	1962	8.6	椿三十郎(2905)
4.323	2005	6.9	冲出宁静号(34405)
4.323	2004	7.8	超人总动员(8961)
4.323	2004	5.6	遥远星际：和平使者之战(63433)
4.323	1996	6.7	荒谬无稽(1365)
4.323	2004	7.9	DiG!(27879)
4.322	2000	7.4	你可以信赖我(3983)
4.322	1995	8.9	攻壳机动队(741)
4.321	1971	7.5	法国贩毒网(1953)
4.321	1993	8.6	图像的力量：莱尼·里芬施塔尔(363)
4.321	1968	8.1	血染雪山堡(6808)
4.320	2005	8.4	铁拳男人(33660)
4.319	2001	8.8	美丽心灵(4995)
4.319	1980	0.0	A Mérközés(1258)
4.319	1957	NaN	None(7241)
4.319	1986	7.7	异形2(1200)
4.319	1982	8.9	陆上行舟(2970)
4.318	2005	8.7	世上最快的印地安摩托(43396)
4.318	2001	8.9	战地摄影师(6672)
4.318	1991	8.4	岁月的童话(26743)
4.318	1986	8.9	天空之城(6350)
4.317	1988	8.7	碧海蓝天(1216)
4.317	1941	7.4	深闺疑云(2206)
4.317	1983	8.5	狼踪(3347)
4.317	1954	8.9	大路(7234)
4.316	1992	8.2	落水狗(1089)
4.315	2006	7.6	局内人(44199)
4.315	1986	7.8	春天不是读书天(2918)
4.315	2006	7.4	幸运数字斯莱文(44665)
4.314	1979	8.1	万世魔星(1080)
4.313	1979	8.2	富贵逼人来(1292)
4.313	1999	8.0	外部空间(2502)
4.312	1933	8.4	马布斯博士的遗嘱(8670)
4.312	1939	8.1	疑云重重(7831)
4.312	1979	8.3	现代启示录(1208)
4.312	1992	8.9	制造共识：乔姆斯基论媒体(8582)
4.312	1986	NaN	None(2467)
4.311	1958	7.7	太平洋潜艇战(2670)
4.310	1946	8.0	黄金时代(1939)
4.310	1960	NaN	None(4325)
4.309	1989	8.2	为了全人类(3338)
4.309	1955	6.8	黑岩喋血记(8094)
4.309	1950	7.9	我的朋友叫哈维(3088)
4.308	2004	8.4	摩托日记(8873)
4.307	1985	8.3	回到未来(1270)
4.307	1953	7.8	乱世忠魂(1944)
4.307	2008	8.4	贫民窟的百万富翁(63082)
4.306	1989	0.0	The White Dove(26649)
4.306	1987	8.5	全金属外壳(1222)
4.306	1924	9.3	福尔摩斯二世(25750)
4.306	1992	8.2	红猪(26776)
4.306	1962	8.3	随心所欲(7043)
4.304	1990	7.8	欧洲欧洲(6235)
4.304	2007	7.9	精英部队(55721)
4.304	1990	7.5	妮基塔(1249)
4.303	2007	8.0	美食总动员(50872)
4.303	1977	8.5	史楚锡流浪记(5121)
4.302	1995	8.6	安妮·弗兰克记得(116)
4.301	1967	7.9	毕业生(1247)
4.301	2001	8.4	怪兽电力公司(4886)
4.301	1947	7.8	幽灵与未亡人(943)
4.301	2000	8.8	梦之安魂曲(3949)
4.300	1945	8.2	爱德华大夫(931)
4.300	1993	7.9	战略室(556)
4.300	1996	8.2	秘密与谎言(1041)
4.299	1945	0.0	疑云风波(7832)
4.299	1990	7.6	我不是坏女孩(7489)
4.299	1994	8.8	低俗小说(296)
4.298	1942	7.4	小镇话语(6228)
4.298	1937	8.4	随我婆娑(1066)
4.297	1988	8.5	雨人(1961)
4.297	1944	8.0	煤气灯下(906)
4.297	1958	7.5	欢乐梅姑(3548)
4.296	1992	7.7	巧克力情人(265)
4.296	1944	8.0	救生艇(2202)
4.296	1996	7.0	摇摆者(1060)
4.296	1944	7.5	摩根河的奇迹(25905)
4.296	2002	7.4	神采公路(6902)
4.296	1981	7.3	体热(2917)
4.296	1932	7.0	趾高气扬(7091)
4.295	1935	7.3	歌声俪影(7132)
4.295	1966	NaN	None(7122)
4.295	1995	8.2	安东尼娅家族(82)
4.295	1929	8.9	持摄影机的人(6433)
4.294	1945	8.8	天堂的孩子(2920)
4.294	2004	8.2	深海长眠(27803)
4.294	1951	6.6	圣诞颂(8492)
4.294	2006	8.4	曾经(53123)
4.294	1949	7.5	当代奸雄(1942)
4.293	1954	7.9	码头风云(1945)
4.293	1965	8.6	黄昏双镖客(3681)
4.293	1992	9.1	天地玄黄(3677)
4.292	1969	8.7	虎豹小霸王(1304)
4.292	1954	8.2	山椒大夫(8188)
4.292	1975	8.3	魔笛(7577)
4.291	2004	8.0	空房间(30803)
4.291	1955	8.0	夏夜的微笑(7941)
4.290	1952	7.9	蓬门今始为君开(1226)
4.290	1997	7.8	西班牙囚犯(1834)
4.290	1960	8.0	孽海痴魂(4190)
4.290	2005	7.8	真相大白(36535)
4.290	1996	NaN	None(1319)
4.289	2007	8.4	这个男人来自地球(55908)
4.289	1981	7.1	歌剧红伶(1264)
4.289	1999	8.3	九月的某一天(3989)
4.289	1987	8.1	巴贝特之宴(6791)
4.288	1987	7.8	铁面无私(2194)
4.287	1960	8.6	桃色公寓(909)
4.287	1973	NaN	None(6051)
4.287	1983	8.7	城南旧事(6136)
4.286	1954	7.7	龙凤配(915)
4.286	1925	8.8	七次机会(3232)
4.286	2001	7.6	印度往事(6776)
4.286	2000	7.8	公主与侠客(4380)
4.286	2004	6.6	亲密的陌生人(27768)
4.286	2002	8.0	鲸骑士(6385)
4.285	1958	7.7	面孔(7940)
4.285	1999	7.8	导演狂想曲(3007)
4.285	1953	8.5	雨月物语(8199)
4.285	1988	7.2	神秘失踪(4546)
4.284	1995	7.7	阿波罗13号(150)
4.283	2007	7.8	老无所依(55820)
4.283	1936	9.1	摩登时代(3462)
4.283	2001	8.0	死亡实验(5608)
4.283	1982	7.7	巨蟒在好莱坞(6104)
4.282	2004	7.4	蒲公英(27878)
4.282	1967	7.5	十二金刚(2944)
4.282	1990	8.0	米勒的十字路口(1245)
4.281	1977	8.4	朦胧的欲望(4928)
4.281	1943	7.7	龙城风云(7218)
4.281	1948	8.0	夺魂索(2176)
4.281	1982	NaN	None(5934)
4.281	1965	9.0	再生缘(6178)
4.279	1962	8.4	花落莺啼春(8068)
4.279	1975	8.7	热天午后(3362)
4.279	1986	8.1	野战排(1090)
4.279	1970	0.0	玛塔在里斯本(6920)
4.278	1978	7.2	动物屋(3421)
4.278	1989	8.2	神秘列车(3521)
4.277	2000	NaN	None(62336)
4.277	2000	8.5	光辉岁月(3916)
4.277	1964	6.7	呆鹅爸爸(4795)
4.276	1987	8.2	哭喊自由(4095)
4.276	1969	8.4	日落黄沙(599)
4.276	1994	8.8	饮食男女(232)
4.275	1994	8.7	非洲：塞伦盖蒂国家公园(4458)
4.275	1989	7.5	情到深处(2248)
4.275	2003	NaN	None(8121)
4.275	1955	8.4	伊甸园之东(949)
4.274	1997	7.8	城堡(2618)
4.273	1988	7.5	火炬三步曲(4555)
4.273	1943	8.2	百战将军(5825)
4.272	2002	8.7	无间道(7981)
4.272	1973	8.6	巴比龙(3198)
4.272	1990	7.6	猎杀红色十月(1610)
4.271	1972	0.0	龙虎怪杰(7063)
4.271	1960	8.8	惊魂记(1219)
4.271	2003	8.0	海底总动员(6377)
4.271	1947	7.1	逃狱雪冤(7217)
4.270	1941	7.6	约翰・多伊(973)
4.270	1956	7.7	擒凶记(2183)
4.270	1955	7.9	猎人之夜(7013)
4.270	1984	7.8	终结者(1240)
4.269	1968	9.1	蒙特利流行音乐节(7979)
4.268	1991	NaN	None(6971)
4.268	1988	7.8	挨个儿淹死(4500)
4.268	1999	9.0	成吉思汗蓝调(7786)
4.268	1995	7.9	死囚漫步(36)
4.267	2004	8.0	灵魂歌王(8958)
4.267	2000	8.2	花样年华(4144)
4.267	2002	0.0	Gigantic ( A Tale of Two Johns )(6375)
4.267	2002	6.3	英雄(7090)
4.267	2003	8.4	两小无猜(9010)
4.266	1939	7.9	妮诺契卡(936)
4.266	1958	8.4	朱门巧妇(971)
4.266	2007	7.9	伯纳德行动(58303)
4.266	1973	8.3	寒窗恋(3733)
4.265	1996	8.4	闪亮的风采(1357)
4.264	1989	7.1	迷幻牛郎(3019)
4.264	2007	8.1	追风筝的人(56607)
4.264	2007	7.7	美国黑帮(55765)
4.264	2004	8.5	帝国的毁灭(31410)
4.263	1994	8.6	篮球梦(246)
4.263	1998	7.7	伊丽莎白(2336)
4.263	1994	8.9	活着(326)
4.263	2001	7.9	怪物史瑞克(4306)
4.262	2007	7.9	血色将至(56782)
4.262	1958	8.4	我的舅舅(7206)
4.262	1987	8.0	欲望法则(26599)
4.261	1970	8.1	战略大作战(3836)
4.260	2004	8.4	法兰基，我的爱(8530)
4.260	1999	8.0	惊曝内幕(3006)
4.259	2002	7.5	玩偶(8327)
4.259	2003	9.2	查维兹复辟记(6935)
4.259	2003	8.9	野鹦鹉(32582)
4.258	1989	8.8	死亡诗社(1246)
4.258	1947	8.3	漩涡之外(2066)
4.257	2001	9.1	迁徙的鸟(6299)
4.257	2006	7.3	人类之子(48774)
4.257	1989	7.9	罪与错(2973)
4.257	2005	8.1	爱疯狂(40870)
4.257	1942	9.2	你逃我也逃(946)
4.257	1973	8.2	豺狼的日子(8207)
4.256	1966	7.9	灵欲春宵(2132)
4.255	1989	8.2	魔女宅急便(26662)
4.255	1958	8.1	战国英豪(7925)
4.254	1959	8.4	宾虚(1287)
4.254	2002	7.9	前进天堂(7139)
4.254	1960	7.5	豪勇七蛟龙(4327)
4.253	1997	7.7	又快又贱又失控(1649)
4.253	1993	8.3	盖茨堡之役(4047)
4.252	1982	NaN	None(5288)
4.252	2006	8.1	阳光小美女(46578)
4.252	1982	8.7	茶花女(6144)
4.252	1937	7.2	赌马风波(8542)
4.251	2006	0.0	谢谢(44195)
4.251	2004	7.4	情归新泽西(8784)
4.251	1975	6.9	秃鹰七十二小时(2819)
4.251	1998	7.7	晚餐游戏(2696)
4.250	1954	7.4	金钱不要碰(31590)
4.250	1964	7.6	雄霸天下(26111)
4.250	2005	8.2	傲慢与偏见(40629)
4.249	1989	7.6	亨利五世(1224)
4.249	1995	7.4	劝导(28)
4.249	1983	7.7	丹东(5937)
4.248	1993	7.6	王者之旅(529)
4.248	2007	8.2	伟大辩手(56885)
4.248	2006	7.8	末代独裁(48738)
4.248	1995	6.9	寒冷舒适的农庄(728)
4.247	1938	7.1	休假日(25850)
4.247	1994	8.8	烈日灼人(213)
4.247	1991	NaN	None(8580)
4.247	1962	8.1	相见时难别亦难(4263)
4.247	1994	0.0	Sex(1133)
4.247	2004	8.2	百万美元宝贝(30707)
4.246	1936	7.5	摇摆乐时代(7055)
4.246	1946	NaN	None(2927)
4.246	2006	7.1	007：大战皇家赌场(49272)
4.246	1964	8.2	荒野大镖客(2951)
4.246	1972	7.9	带子雄狼 出租孩子与武艺(26269)
4.245	1955	NaN	None(5333)
4.245	1995	8.0	童梦失魂夜(29)
4.245	2007	4.7	病房(58622)
4.245	1979	8.2	曼哈顿(1244)
4.244	1953	9.1	东京物语(6643)
4.244	1980	8.0	象人(2313)
4.244	1987	8.4	柏林苍穹下(1211)
4.244	1951	7.2	一个美国人在巴黎(900)
4.244	1998	7.4	越战未亡人(3609)
4.244	2008	6.1	模范贱兄弟(63131)
4.244	2003	8.4	二手狮王(6753)
4.243	1995	7.9	玩具总动员(1)
4.243	1993	8.4	土拨鼠之日(1265)
4.242	1951	8.8	麦秋(8785)
4.242	1950	8.5	奥菲斯(25954)
4.242	1993	8.4	古尔德的32个短片(549)
4.242	2005	8.3	圣诞快乐(40414)
4.242	1970	8.0	陆军野战医院(5060)
4.242	1973	7.4	漫长的告别(2511)
4.242	2005	8.6	人生七年第七季(50658)
4.241	1963	8.8	豹(8724)
4.241	1960	7.9	斯巴达克斯(2728)
4.241	1948	8.0	红菱艳(6660)
4.240	1981	8.8	The Decline of Western Civilization(3679)
4.240	1970	7.1	费尼兹花园(4424)
4.240	1979	8.8	潜行者(1232)
4.239	2000	8.9	一一(4334)
4.239	1981	7.0	弗农，佛罗里达(5914)
4.239	1954	7.4	叛舰凯恩号(8337)
4.238	2001	7.1	美味关系(5525)
4.238	1960	8.1	懒汉睡夫(26064)
4.238	2005	8.0	足球流氓(37731)
4.238	2004	8.3	解密福克斯：默多克的新闻界战争(27912)
4.238	2007	7.5	星尘(54259)
4.237	1978	7.9	午夜快车(3498)
4.237	1964	7.8	窈窕淑女(914)
4.237	2008	7.9	功夫熊猫(59784)
4.237	1988	7.7	烈血大风暴(4326)
4.236	1990	8.3	巴黎在燃烧(1192)
4.236	1964	7.6	粉红豹系列：黑夜怪枪(7073)
4.236	1960	7.2	浪子春潮(5119)
4.236	1995	8.2	离魂异客(714)
4.235	1971	8.3	屋顶上的小提琴手(4857)
4.235	2005	8.0	狂热舞厅(33639)
4.235	2006	0.0	Ficción(46976)
4.234	2000	7.5	九个皇后(5319)
4.234	1973	7.6	冲突(3735)
4.234	1990	8.3	长脚女佣(3713)
4.234	1992	8.3	不可饶恕(1266)
4.234	1983	8.1	化妆师(8379)
4.233	1993	8.5	蓝白红三部曲之蓝(307)
4.233	1942	7.1	海角擒凶(2204)
4.233	2002	8.0	缱绻星光下(5820)
4.232	1965	7.9	朱丽叶与魔鬼(7067)
4.232	1956	NaN	None(7075)
4.232	2004	7.7	寻找梦幻岛(8970)
4.232	1997	7.5	角色(1860)
4.232	1983	6.8	假期历险记(2795)
4.232	2002	7.8	巴士174事件(6869)
4.231	2003	7.8	野蛮入侵(6954)
4.231	1967	8.5	独行杀手(7587)
4.230	1935	7.2	喋血船长(8167)
4.230	1992	7.7	好人寥寥(2268)
4.230	1936	7.7	假戏真做(25826)
4.230	2006	7.9	文字游戏(46850)
4.229	1953	8.3	蓬车队(935)
4.229	1992	7.8	兄弟的监护人(6612)
4.229	1947	7.6	出卖灵肉的人(5289)
4.229	1963	7.3	原野铁汉(3467)
4.229	1983	8.9	西力传(7934)
4.229	1952	8.6	禁忌的游戏(6982)
4.229	1993	8.4	影子大地(534)
4.228	2002	7.1	新基督山伯爵(5064)
4.227	1995	8.2	烟(194)
4.227	2000	6.8	闪烁恶人心(6300)
4.226	2002	8.8	断魂枪声(7773)
4.226	1984	9.0	美国往事(1227)
4.226	1942	7.9	假日旅馆(3061)
4.226	1940	8.9	大独裁者(1281)
4.226	1988	0.0	西方文明史2：金属岁月(3680)
4.226	1948	7.7	红杏出墙(25947)
4.226	1949	7.2	锦城春色(3606)
4.225	1983	8.9	乡愁(7759)
4.225	1981	7.6	加里波利(5747)
4.224	1955	8.4	恶魔(7116)
4.224	2005	7.1	小贼、美女和妙探(38061)
4.224	1971	8.0	好奇心(47274)
4.224	1974	7.5	新科学怪人(1278)
4.223	1953	8.2	于洛先生的假期(7209)
4.223	1999	6.1	文斯洛男孩(2611)
4.223	1996	0.0	赤子雄心(1412)
4.223	1986	8.7	牺牲(26578)
4.223	2000	7.8	生命的绿色(4646)
4.223	1940	6.5	银行妙探(3929)
4.222	1998	7.8	两极天使(2575)
4.222	2006	8.2	谁消灭了电动车(45928)
4.222	2003	7.9	杀死比尔(6874)
4.222	1957	8.4	蜘蛛巢城(7766)
4.222	1998	9.0	追随(2579)
4.222	1963	8.4	天国与地狱(7926)
4.222	1947	6.8	君子协定(1940)
4.221	1968	8.1	冬狮(4427)
4.221	1952	0.0	帕特和麦克(7705)
4.220	1969	8.3	午夜牛郎(1952)
4.220	1965	7.4	伊普克雷斯档案(2983)
4.220	2002	7.4	撕裂的末日(5903)
4.220	1980	7.4	烈血焚城(3811)
4.220	1947	8.3	上海小姐(25940)
4.220	1961	7.7	天涯何处觅知音(3330)
4.219	1970	8.6	同流者(2925)
4.219	1996	6.4	等待古夫曼(1449)
4.218	1976	7.6	霹雳钻(3551)
4.218	2007	8.7	我在伊朗长大(55442)
4.218	1932	8.6	亡命者(8044)
4.218	1986	8.1	汉娜姐妹(6993)
4.218	2004	7.8	万福玛丽亚(8645)
4.218	1943	7.8	对头冤家(5496)
4.217	1989	8.3	我的左脚(1185)
4.217	1998	8.4	极地恋人(2585)
4.217	1985	8.1	早餐俱乐部(1968)
4.217	1986	7.2	火爆教头草地兵(3360)
4.217	1973	NaN	None(615)
4.216	1973	8.2	日以作夜(6271)
4.215	1960	8.4	处女泉(7820)
4.215	1998	0.0	after dark(2624)
4.215	1997	8.5	花火(1809)
4.214	1992	7.6	舞国英雄(1188)
4.214	1986	7.6	教会(2745)
4.214	1962	8.8	堤(8477)
4.214	1951	8.7	倒扣的王牌(3736)
4.214	2004	7.9	漫长的婚约(27721)
4.213	1996	7.8	冰血暴(608)
4.213	1982	7.4	圣洛伦索之夜(6107)
4.213	2004	8.3	谍影重重2(8665)
4.213	2002	8.0	尘世之间(6760)
4.213	1997	7.6	心理游戏(1625)
4.212	1949	7.1	晴空血战史(4338)
4.212	1993	9.4	霸王别姬(446)
4.211	1966	8.4	阿尔及尔之战(26131)
4.211	1965	8.5	柏林谍影(8772)
4.211	1924	7.8	月宫宝盒(7302)
4.211	1954	7.8	银色圣诞(3675)
4.210	2006	8.1	黑皮书(52042)
4.210	1968	8.5	2001太空漫游(924)
4.210	2007	7.8	决战犹马镇(54997)
4.210	1928	8.9	圣女贞德蒙难记(6985)
4.209	1994	7.5	我们四个(324)
4.209	1982	7.9	维洛妮卡佛丝(6126)
4.209	2007	8.1	史特拉莫：未来尚未命定(57845)
4.209	1997	7.6	趣味游戏(6975)
4.209	1973	8.7	阿玛柯德(7089)
4.208	2005	7.3	救赎(44204)
4.208	1923	8.9	最后安全(8235)
4.208	1999	8.2	恋恋三季(2610)
4.207	1982	7.5	大审判(3068)
4.207	1958	0.0	教师之恋(26038)
4.207	1933	8.2	瑞典女王(8256)
4.206	2008	8.2	换子疑云(63062)
4.206	1965	8.4	红胡子(5498)
4.206	1995	7.9	十二猴子(32)
4.206	1984	7.5	摇滚万万岁(1288)
4.206	1968	8.0	单身公寓(3507)
4.206	2004	8.5	Control Room(9018)
4.206	1996	7.2	小镇疑云(800)
4.206	2004	8.4	恋恋笔记本(8533)
4.206	1980	7.1	漫长美好的星期五(5198)
4.206	1991	7.9	时间简史(6780)
4.206	1987	6.7	谍海军魂(3505)
4.205	1941	7.5	火球(25868)
4.205	1966	8.4	放大(3788)
4.205	2001	7.8	十一罗汉(4963)
4.205	1988	7.6	危险关系(2020)
4.205	1951	7.4	白衣男子(5604)
4.204	1985	7.2	再见人生(1257)
4.204	1993	8.5	费城故事(508)
4.204	2003	8.7	大鱼(7147)
4.203	1992	7.7	迷人的四月(1177)
4.203	1947	6.9	仁慈天使(4184)
4.203	1948	8.0	花开蝶满枝(25937)
4.203	2004	6.6	雷管(8914)
4.203	1981	7.5	葛莱哥里的女友(5752)
4.203	1957	8.7	野草莓(5147)
4.203	2000	8.7	跳出我天地(3967)
4.202	2002	7.0	秘书(5617)
4.202	1999	8.5	关于我母亲的一切(3083)
4.202	2006	6.4	机器人之恋(53161)
4.202	1988	8.7	杀人短片(8656)
4.202	2007	8.0	一样的月光(58706)
4.201	1997	8.1	睁开你的双眼(2594)
4.201	1953	7.2	原野奇侠(3871)
4.201	1990	0.0	浩气盖山河(5358)
4.201	1987	8.3	希望与荣耀(4117)
4.200	1999	8.3	飓风(3178)
4.200	1996	7.0	狂宴(994)
4.200	1994	8.2	克鲁伯(162)
4.200	1982	7.5	餐馆(3543)
4.199	1964	8.3	砂之女(3224)
4.199	1997	6.8	带枪的男人(1788)
4.199	1987	7.8	太阳帝国(4103)
4.199	1997	7.7	大家伙(1827)
4.198	1967	8.0	念师恩(3296)
4.198	2007	8.3	在人生的另一边(55555)
4.198	1939	8.0	绿野仙踪(919)
4.197	2002	8.0	地下气象(8011)
4.197	1996	7.8	哈姆雷特(1411)
4.197	1989	8.1	当哈利遇到莎莉(1307)
4.197	1985	7.0	证人(1674)
4.197	2001	8.5	他傻瓜谁聪明(5890)
4.197	1995	7.7	屋顶上的轻骑兵(715)
4.196	1993	8.8	因父之名(475)
4.196	2002	8.2	永远的莉莉亚(6291)
4.196	2005	7.7	与歌同行(40819)
4.196	1971	7.5	柳巷芳草(1964)
4.196	1973	6.8	荒野浪子(2921)
4.196	1992	7.3	情系我心(8010)
4.195	1941	7.0	黑夜煞星(6859)
4.195	1974	7.5	灼热的马鞍(3671)
4.195	2002	8.4	猫鼠游戏(5989)
4.194	1985	8.8	人生七年第四季(7566)
4.194	1994	6.7	看夜更(4336)
4.194	1995	0.0	寻鲨记(322)
4.194	1992	0.0	A Day in October(7620)
4.193	1990	8.5	君臣人子小命呜呼(1243)
4.193	1962	8.0	双虎屠龙(4406)
4.193	1970	9.2	伍德斯托克音乐节1969(7836)
4.193	1964	7.3	祖鲁战争(5899)
4.193	1988	7.0	八面威风(4322)
4.192	2000	7.4	逐梦郁金香(4644)
4.192	1994	7.7	玛戈皇后(302)
4.192	1962	8.5	泯灭天使(8620)
4.192	1998	7.3	莎翁情史(2396)
4.192	1983	8.2	人生七部曲(6807)
4.192	1983	8.1	日月无光(6123)
4.191	1999	NaN	None(8012)
4.191	1984	7.4	大兵(2852)
4.191	2004	8.7	爱在日落黄昏时(8638)
4.190	2006	7.5	魔术师(47610)
4.190	1965	8.1	救命(2946)
4.190	1961	7.4	纳瓦隆大炮(3654)
4.190	1984	8.3	鸟人(3342)
4.190	1985	8.5	狗脸的岁月(1300)
4.189	2002	6.9	沉静的美国人(5876)
4.188	1998	6.5	巴比伦5号：水之魂(7649)
4.188	2001	7.6	爱在屋檐下(4880)
4.188	2002	0.0	Fubar(27555)
4.188	1982	0.0	Richard Pryor Live on the Sunset Strip(6122)
4.188	1974	7.8	家族的肖像(3730)
4.188	1978	7.7	天堂之日(2932)
4.188	1989	0.0	冬日再見(8589)
4.188	1939	7.3	万世师表(7311)
4.187	1984	8.0	我心深处(3111)
4.187	1941	7.2	约克军曹(31116)
4.187	2002	7.6	阳光下的星期一(6571)
4.187	2002	8.2	Stevie(6269)
4.187	1998	7.3	杀戮赌场(3783)
4.187	2005	8.5	安然: 房间里最聪明的人(33154)
4.187	2000	8.1	几近成名(3897)
4.186	1938	8.1	卖花女(7086)
4.186	2001	8.8	赏金猎人：天国之扉(6283)
4.186	1999	7.4	桥(3822)
4.186	1945	8.0	无人生还(4969)
4.186	1982	8.1	苏菲的抉择(1096)
4.186	1977	7.7	铁十字勋章(3339)
4.186	1946	NaN	None(3849)
4.186	2002	7.9	西班牙公寓(6370)
4.185	2005	7.9	轮椅上的竞技(34153)
4.185	1964	8.3	怪谈(7564)
4.185	2004	7.6	杀死比尔2(7438)
4.185	1959	0.0	威镇洛司堡(8715)
4.185	2007	8.1	月之阴影(55176)
4.185	2002	8.5	黄昏的清兵卫(27741)
4.185	1936	7.1	孔雀夫人(4999)
4.185	1992	8.2	今生情未了(26796)
4.184	1996	0.0	短途旅行者(1484)
4.184	1927	8.8	大都会(2010)
4.184	1997	7.5	意外的春天(1719)
4.184	1982	7.0	危险年代(2919)
4.183	2000	7.4	卧虎藏龙(3996)
4.183	1983	7.9	温柔的怜悯(2070)
4.183	1966	8.1	第二生命(5062)
4.183	1968	8.1	如果(2285)
4.183	1999	8.3	喜马拉雅(4312)
4.182	2005	7.5	保持缄默(42197)
4.182	1961	8.0	阳光下的葡萄干(3350)
4.182	1995	8.1	理智与情感(17)
4.181	1940	7.2	我的爱妻(8712)
4.181	1996	8.6	猜火车(778)
4.181	1995	8.4	生命因你动听(62)
4.181	2006	8.8	当幸福来敲门(47099)
4.181	1945	7.1	我走我路(4194)
4.181	2004	7.7	挑战奇迹(7263)
4.181	1997	8.6	敲开天堂的门(32460)
4.180	2004	8.8	无人知晓(31437)
4.180	2002	8.0	第25小时(5954)
4.180	1996	8.0	寻找理查三世(1050)
4.180	1947	0.0	Soldaten og Jenny(6467)
4.179	2006	8.0	柳暗花明(52967)
4.179	2006	7.9	这就是英格兰(52952)
4.179	2000	8.2	黑暗的日子(7932)
4.179	1937	8.1	毫不神圣(25839)
4.179	1972	8.8	呼喊与细语(4422)
4.179	1922	7.8	情场现形记(7288)
4.179	1958	8.3	灰烬与钻石(7238)
4.179	1969	8.3	春风不化雨(8754)
4.179	1979	6.8	霹雳上校(3135)
4.178	1952	8.9	生之欲(6669)
4.178	1993	8.2	告别有情天(515)
4.178	2003	8.5	真爱至上(6942)
4.178	2002	0.0	Lost in the Snow(6761)
4.178	1953	8.8	恐惧的代价(7700)
4.177	1991	8.3	两生花(1176)
4.177	1984	8.7	哈维·米尔克的时代(26524)
4.177	1940	0.0	神枪游侠(8481)
4.177	1968	8.3	豺狼时刻(8405)
4.177	1931	9.2	城市之光(3307)
4.176	1996	7.4	杀戮时刻(805)
4.176	1937	6.7	消失在地平线(944)
4.176	2001	6.9	唇语惊魂(5516)
4.176	2005	7.7	最后的绞刑师(58808)
4.175	1953	7.6	南街奇遇(7335)
4.175	1961	8.6	玉女风流(6579)
4.175	1940	7.3	海外特派员(929)
4.174	1972	8.3	足迹(5120)
4.174	1999	7.5	我的父亲母亲(6668)
4.174	1959	8.6	扒手(26052)
4.174	2001	9.3	河流与潮汐(7096)
4.173	1999	8.0	总有骄阳(3148)
4.173	1996	8.2	一级恐惧(628)
4.173	2005	8.4	战争之王(36529)
4.173	1989	7.8	罗杰和我(2064)
4.173	2002	0.0	孩子们的生日(5533)
4.173	1993	8.5	布朗克斯的故事(428)
4.173	1941	7.4	夜困摩天岭(7216)
4.173	1999	7.3	老公不及格(2690)
4.173	1944	6.0	猫人的诅咒(25900)
4.173	2003	8.7	再见列宁(7323)
4.173	2007	6.8	君士坦丁之剑(65001)
4.172	1923	7.8	三个时代(3140)
4.172	2000	8.1	大逃杀(7022)
4.171	2003	8.0	易布拉辛先生和古兰经的花(7299)
4.171	1996	6.9	瓶装火箭(101)
4.171	2003	0.0	杀人频道(31952)
4.171	2006	9.1	不可理喻之人(55156)
4.171	2003	9.0	End of the Century: The Story of the Ramones (USA)(27820)
4.171	1993	7.5	世纪的哭泣(2071)
4.170	1988	7.8	崩溃边缘的女人(3067)
4.170	1962	8.4	五至七时的奇奥(3645)
4.170	1999	7.8	玩具总动员2(3114)
4.170	1995	0.0	En avoir (ou pas)(1555)
4.170	1942	7.1	小姑居处(7584)
4.170	1959	7.9	影子(8602)
4.170	1993	7.2	无事生非(497)
4.170	2001	8.4	美丽天堂(5224)
4.170	2008	7.4	宗教的荒谬(59126)
4.169	1972	8.4	飞向太空(3503)
4.169	1952	7.8	玉女奇遇(5114)
4.168	2003	7.4	闪亮的日子(7260)
4.168	1974	7.3	骑劫地下铁(3384)
4.168	1976	8.5	电视台风云(3504)
4.168	2006	6.4	霍元甲(46322)
4.168	1974	8.5	卡斯帕尔·豪泽尔之谜(5056)
4.168	1990	8.1	无语问苍天(3105)
4.168	1985	7.5	西瓦拉多大决战(7027)
4.168	1999	7.5	Mr. Death: The Rise and Fall of Fred A. Leuchter, Jr.(3182)
4.168	1945	8.0	失去的周末(1938)
4.167	1995	8.2	白气球(80)
4.166	1939	8.3	私枭血(25855)
4.166	2001	7.6	你妈妈也一样(5225)
4.166	1994	8.2	疯狂店员(223)
4.166	1994	7.6	疯狂的乔治王(272)
4.166	1985	8.1	蜘蛛女之吻(6786)
4.165	1969	NaN	None(26150)
4.164	2000	7.9	浓情巧克力(4014)
4.164	1957	8.3	金玉盟(932)
4.164	1934	8.4	亚特兰大号(25805)
4.164	1996	8.1	惊世狂花(866)
4.163	1997	9.1	小鞋子(1900)
4.163	1985	7.2	苍白骑士(2401)
4.163	2004	8.0	怒火救援(7445)
4.163	1983	7.5	南方英雄(1238)
4.162	2006	7.6	婚礼之后(50514)
4.162	1974	8.6	娱乐世界(8998)
4.162	2001	8.1	半梦半醒的人生(4873)
4.162	1998	0.0	魔鬼不设防(2601)
4.162	1997	8.0	忠奸人(1466)
4.162	1963	NaN	None(7938)
4.161	2001	8.0	追求幸福(8131)
4.161	2002	7.7	末路小狂花(5446)
4.161	1975	8.2	灰色花园(8264)
4.161	1999	8.5	钢铁巨人(2761)
4.161	1993	NaN	None(7844)
4.160	1936	7.1	火烧旧金山(33237)
4.160	1931	6.6	恶作剧(25777)
4.160	1984	7.5	丹尼玫瑰(7983)
4.160	2004	7.4	蝴蝶(7254)
4.160	2006	8.1	基督营(47999)
4.159	1995	8.3	盗火线(6)
4.159	2001	8.0	新娘的儿子(5607)
4.159	2008	8.1	飓风营救(59369)
4.159	1996	6.7	赌城纵横(2952)
4.159	1966	8.4	一个男人和一个女人(2969)
4.158	1922	8.5	诺斯费拉图(1348)
4.158	1972	7.0	带子雄狼 父子连心(62803)
4.158	1987	8.4	莫里斯(3094)
4.158	1962	8.7	阿尔卡特兹的养鸟人(7062)
4.158	1997	0.0	Quiet Days in Hollywood(1759)
4.157	1984	7.4	天生好手(3098)
4.157	1951	8.2	欲望号街车(1104)
4.157	1952	8.6	风烛泪(6611)
4.157	2003	8.0	没有我的日子(6770)
4.156	2002	7.8	玛德莲堕落少女(6591)
4.156	1979	0.0	无法留言的留声机(4788)
4.156	2007	8.8	医疗内幕(53894)
4.156	1972	8.7	歌厅(3545)
4.156	1961	8.5	小早川家之秋(60990)
4.156	2003	NaN	None(27834)
4.156	1977	7.8	未完成的机械钢琴曲(8794)
4.155	1987	8.5	末代皇帝(1960)
4.155	2007	7.5	布鲁克斯先生(53129)
4.155	1999	7.4	硅谷传奇(8581)
4.154	1977	8.5	人生七年第三季(52767)
4.154	1978	8.3	猎鹿人(1263)
4.154	1995	NaN	None(6857)
4.154	1956	6.7	上流社会(6357)
4.154	2007	7.3	东方的承诺(55118)
4.153	2001	7.9	马樱丹(4978)
4.153	1972	7.5	激流四勇士(2871)
4.153	1917	7.8	移民(8511)
4.153	1944	7.4	爱人谋杀(1069)
4.153	2008	7.2	闪电狗(63859)
4.153	1951	7.8	郎心似铁(3475)
4.153	1972	8.0	带子雄狼：三涂河的乳母车(26270)
4.153	1999	6.9	曼斯菲尔德庄园(3079)
4.153	1994	6.9	燃眉追击(349)
4.153	1942	7.3	合约杀手(8765)
4.152	1983	0.0	In the King of Prussia(6001)
4.152	1998	7.4	最后一夜(3008)
