4.875	1994	9.5	肖申克的救赎(318)
4.718	1993	9.3	辛德勒的名单(527)
4.700	1995	8.5	非常嫌疑犯(50)
4.688	2006	9.0	窃听风暴(44555)
4.644	1999	8.7	黑客帝国(2571)
4.594	1995	8.8	超级无敌掌门狗：剃刀边缘(745)
4.574	1997	9.4	美丽人生(2324)
4.571	2002	8.9	上帝之城(6016)
4.562	1999	9.1	搏击俱乐部(2959)
4.558	1991	8.6	沉默的羔羊(593)
4.542	1998	8.5	美国X档案(2329)
4.541	2003	9.0	指环王3：王者无敌(7153)
4.529	2008	8.0	对话尼克松(64620)
4.528	2001	8.8	天使爱美丽(4973)
4.514	2001	8.8	指环王1：魔戒再现(4993)
4.513	2000	8.5	记忆碎片(4226)
4.513	2002	8.8	指环王2：双塔奇兵(5952)
4.511	1998	8.5	黑猫白猫(2843)
4.510	1999	8.7	第六感(2762)
4.499	1995	8.7	勇敢的心(110)
4.499	1993	8.8	超级无敌掌门狗：引鹅入室(1148)
4.479	2003	9.3	灿烂人生(7767)
4.475	2001	9.0	千与千寻(5618)
4.467	1991	8.0	大红灯笼高高挂(1280)
4.467	1995	9.2	地下(665)
4.465	1994	8.7	暴雨将至(214)
4.463	1998	8.5	更多(4454)
4.460	2008	9.3	机器人总动员(60069)
4.459	1998	8.7	拯救大兵瑞恩(2028)
4.458	2001	7.4	死亡幻觉(4878)
4.458	2008	7.5	钢铁侠(59315)
4.456	1990	8.7	信任(1236)
4.447	2003	7.9	战争迷雾(7156)
4.444	1994	9.3	阿甘正传(356)
4.440	1999	8.3	美国丽人(2858)
4.439	1990	8.3	好家伙(1213)
4.438	1995	8.1	以祖国之名(632)
4.436	1994	8.7	蓝白红三部曲之红(306)
4.435	1996	7.5	当我们是拳王的日子(1147)
4.425	2002	8.9	钢琴家(5995)
4.421	2006	7.0	无间道风云(48516)
4.420	1993	7.8	亡命天涯(457)
4.418	1990	8.5	父亲的荣耀(5839)
4.411	1997	8.6	心灵捕手(1704)
4.409	1996	8.9	超级无敌掌门狗：阿德曼动画精选(720)
4.408	1996	7.8	失乐天堂：罗宾汉山儿童谋杀案(1361)
4.407	1994	9.4	这个杀手不太冷(293)
4.406	2003	8.5	春夏秋冬又一春(8014)
4.404	1997	8.5	洛城机密(1617)
4.403	1994	8.6	重庆森林(123)
4.402	2008	7.6	生人勿进(61240)
4.402	1998	8.1	红色小提琴(2686)
4.400	1993	8.6	喜宴(7023)
4.398	1995	8.3	怒火青春(97)
4.398	2002	8.6	对她说(5878)
4.396	1999	8.6	绿里奇迹(3147)
4.392	1996	8.3	给我一个爸(1446)
4.392	2003	8.4	大企业(27846)
4.390	1998	8.1	家宴(2360)
4.390	1996	8.0	弹簧刀(1358)
4.388	2004	8.7	卢旺达饭店(30749)
4.385	1994	7.9	精武英雄(26865)
4.383	1997	8.7	幽灵公主(3000)
4.383	2004	8.6	哈尔的移动城堡(31658)
4.379	1998	7.3	地狱搜查线(2930)
4.379	2000	8.5	偷拐抢骗(4011)
4.377	2006	8.5	坠入(59387)
4.376	1992	6.9	终极斗士(8132)
4.375	2005	8.7	没有家的方向(38304)
4.374	1998	8.7	中央车站(2357)
4.371	2007	8.6	谍影重重3(54286)
4.364	2003	8.6	冰峰168小时(7256)
4.364	2008	8.3	摔角王(64839)
4.364	1996	8.3	变脸(2609)
4.363	2000	8.3	爱情是狗娘(4235)
4.361	1991	8.0	黑店狂想曲(1175)
4.356	2008	8.2	米尔克(63876)
4.353	1999	8.4	十月的天空(2501)
4.351	2004	8.6	撞车(33166)
4.351	1997	8.3	小小迪特想要飞(5059)
4.349	1999	9.1	乐满哈瓦那(2677)
4.347	1996	9.0	微观世界(1111)
4.347	2005	7.9	蝙蝠侠：侠影之谜(33794)
4.346	2004	8.2	勇往直前(27727)
4.345	1999	8.6	史崔特先生的故事(2966)
4.344	2006	7.7	潘神的迷宫(48394)
4.344	2003	8.1	心灵驿站(6867)
4.343	1998	8.9	珠穆朗玛峰(1797)
4.342	1994	8.7	邮差(58)
4.341	1996	8.0	小孤星(1545)
4.340	2005	7.7	决战的理由(37240)
4.339	2004	8.4	暖暖内含光(7361)
4.339	1998	8.2	罗拉快跑(2692)
4.338	1995	8.3	赛璐路壁橱(581)
4.337	1994	7.2	战士奇兵(290)
4.335	2001	8.5	无主之地(4967)
4.335	2000	9.2	南极坚忍号(4783)
4.334	1998	9.1	两杆大烟枪(2542)
4.330	1991	8.6	黑暗之心(26729)
4.330	1996	8.1	谈谈情跳跳舞(1537)
4.327	2007	7.9	朱诺(56367)
4.326	1995	7.8	堕落天使(1757)
4.325	2007	8.7	荒野生存(55247)
4.325	1996	8.0	愈爱愈美丽(1046)
4.325	2002	7.6	拼字比赛(6331)
4.323	2005	6.9	冲出宁静号(34405)
4.323	2004	7.8	超人总动员(8961)
4.323	1996	6.7	荒谬无稽(1365)
4.323	2004	7.9	DiG!(27879)
4.322	2000	7.4	你可以信赖我(3983)
4.322	1995	8.9	攻壳机动队(741)
4.321	1993	8.6	图像的力量：莱尼·里芬施塔尔(363)
4.320	2005	8.4	铁拳男人(33660)
4.319	2001	8.8	美丽心灵(4995)
4.318	2005	8.7	世上最快的印地安摩托(43396)
4.318	2001	8.9	战地摄影师(6672)
4.318	1991	8.4	岁月的童话(26743)
4.316	1992	8.2	落水狗(1089)
4.315	2006	7.6	局内人(44199)
4.315	2006	7.4	幸运数字斯莱文(44665)
4.313	1999	8.0	外部空间(2502)
4.312	1992	8.9	制造共识：乔姆斯基论媒体(8582)
4.308	2004	8.4	摩托日记(8873)
4.307	2008	8.4	贫民窟的百万富翁(63082)
4.306	1992	8.2	红猪(26776)
4.304	1990	7.8	欧洲欧洲(6235)
4.304	2007	7.9	精英部队(55721)
4.304	1990	7.5	妮基塔(1249)
4.303	2007	8.0	美食总动员(50872)
4.302	1995	8.6	安妮·弗兰克记得(116)
4.301	2001	8.4	怪兽电力公司(4886)
4.301	2000	8.8	梦之安魂曲(3949)
4.300	1993	7.9	战略室(556)
4.300	1996	8.2	秘密与谎言(1041)
4.299	1990	7.6	我不是坏女孩(7489)
4.299	1994	8.8	低俗小说(296)
4.296	1992	7.7	巧克力情人(265)
4.296	1996	7.0	摇摆者(1060)
4.296	2002	7.4	神采公路(6902)
4.295	1995	8.2	安东尼娅家族(82)
4.294	2004	8.2	深海长眠(27803)
4.294	2006	8.4	曾经(53123)
4.293	1992	9.1	天地玄黄(3677)
4.291	2004	8.0	空房间(30803)
4.290	1997	7.8	西班牙囚犯(1834)
4.290	2005	7.8	真相大白(36535)
4.289	2007	8.4	这个男人来自地球(55908)
4.289	1999	8.3	九月的某一天(3989)
4.286	2001	7.6	印度往事(6776)
4.286	2000	7.8	公主与侠客(4380)
4.286	2004	6.6	亲密的陌生人(27768)
4.286	2002	8.0	鲸骑士(6385)
4.285	1999	7.8	导演狂想曲(3007)
4.284	1995	7.7	阿波罗13号(150)
4.283	2007	7.8	老无所依(55820)
4.283	2001	8.0	死亡实验(5608)
4.282	2004	7.4	蒲公英(27878)
4.282	1990	8.0	米勒的十字路口(1245)
4.277	2000	8.5	光辉岁月(3916)
4.276	1994	8.8	饮食男女(232)
4.275	1994	8.7	非洲：塞伦盖蒂国家公园(4458)
4.274	1997	7.8	城堡(2618)
4.272	2002	8.7	无间道(7981)
4.272	1990	7.6	猎杀红色十月(1610)
4.271	2003	8.0	海底总动员(6377)
4.268	1999	9.0	成吉思汗蓝调(7786)
4.268	1995	7.9	死囚漫步(36)
4.267	2004	8.0	灵魂歌王(8958)
4.267	2000	8.2	花样年华(4144)
4.267	2002	6.3	英雄(7090)
4.267	2003	8.4	两小无猜(9010)
4.266	2007	7.9	伯纳德行动(58303)
4.265	1996	8.4	闪亮的风采(1357)
4.264	2007	8.1	追风筝的人(56607)
4.264	2007	7.7	美国黑帮(55765)
4.264	2004	8.5	帝国的毁灭(31410)
4.263	1994	8.6	篮球梦(246)
4.263	1998	7.7	伊丽莎白(2336)
4.263	1994	8.9	活着(326)
4.263	2001	7.9	怪物史瑞克(4306)
4.262	2007	7.9	血色将至(56782)
4.260	2004	8.4	法兰基，我的爱(8530)
4.260	1999	8.0	惊曝内幕(3006)
4.259	2002	7.5	玩偶(8327)
4.259	2003	9.2	查维兹复辟记(6935)
4.259	2003	8.9	野鹦鹉(32582)
4.257	2001	9.1	迁徙的鸟(6299)
4.257	2006	7.3	人类之子(48774)
4.257	2005	8.1	爱疯狂(40870)
4.254	2002	7.9	前进天堂(7139)
4.253	1997	7.7	又快又贱又失控(1649)
4.253	1993	8.3	盖茨堡之役(4047)
4.252	2006	8.1	阳光小美女(46578)
4.251	2004	7.4	情归新泽西(8784)
4.251	1998	7.7	晚餐游戏(2696)
4.250	2005	8.2	傲慢与偏见(40629)
4.249	1995	7.4	劝导(28)
4.248	1993	7.6	王者之旅(529)
4.248	2007	8.2	伟大辩手(56885)
4.248	2006	7.8	末代独裁(48738)
4.248	1995	6.9	寒冷舒适的农庄(728)
4.247	1994	8.8	烈日灼人(213)
4.247	2004	8.2	百万美元宝贝(30707)
4.246	2006	7.1	007：大战皇家赌场(49272)
4.245	1995	8.0	童梦失魂夜(29)
4.244	1998	7.4	越战未亡人(3609)
4.244	2008	6.1	模范贱兄弟(63131)
4.244	2003	8.4	二手狮王(6753)
4.243	1995	7.9	玩具总动员(1)
4.243	1993	8.4	土拨鼠之日(1265)
4.242	1993	8.4	古尔德的32个短片(549)
4.242	2005	8.3	圣诞快乐(40414)
4.242	2005	8.6	人生七年第七季(50658)
4.239	2000	8.9	一一(4334)
4.238	2001	7.1	美味关系(5525)
4.238	2005	8.0	足球流氓(37731)
4.238	2004	8.3	解密福克斯：默多克的新闻界战争(27912)
4.238	2007	7.5	星尘(54259)
4.237	2008	7.9	功夫熊猫(59784)
4.236	1990	8.3	巴黎在燃烧(1192)
4.236	1995	8.2	离魂异客(714)
4.235	2005	8.0	狂热舞厅(33639)
4.234	2000	7.5	九个皇后(5319)
4.234	1990	8.3	长脚女佣(3713)
4.234	1992	8.3	不可饶恕(1266)
4.233	1993	8.5	蓝白红三部曲之蓝(307)
4.233	2002	8.0	缱绻星光下(5820)
4.232	2004	7.7	寻找梦幻岛(8970)
4.232	1997	7.5	角色(1860)
4.232	2002	7.8	巴士174事件(6869)
4.231	2003	7.8	野蛮入侵(6954)
4.230	1992	7.7	好人寥寥(2268)
4.230	2006	7.9	文字游戏(46850)
4.229	1992	7.8	兄弟的监护人(6612)
4.229	1993	8.4	影子大地(534)
4.228	2002	7.1	新基督山伯爵(5064)
4.227	1995	8.2	烟(194)
4.227	2000	6.8	闪烁恶人心(6300)
4.226	2002	8.8	断魂枪声(7773)
4.224	2005	7.1	小贼、美女和妙探(38061)
4.223	1999	6.1	文斯洛男孩(2611)
4.223	2000	7.8	生命的绿色(4646)
4.222	1998	7.8	两极天使(2575)
4.222	2006	8.2	谁消灭了电动车(45928)
4.222	2003	7.9	杀死比尔(6874)
4.222	1998	9.0	追随(2579)
4.220	2002	7.4	撕裂的末日(5903)
4.219	1996	6.4	等待古夫曼(1449)
4.218	2007	8.7	我在伊朗长大(55442)
4.218	2004	7.8	万福玛丽亚(8645)
4.217	1998	8.4	极地恋人(2585)
4.215	1997	8.5	花火(1809)
4.214	1992	7.6	舞国英雄(1188)
4.214	2004	7.9	漫长的婚约(27721)
4.213	1996	7.8	冰血暴(608)
4.213	2004	8.3	谍影重重2(8665)
4.213	2002	8.0	尘世之间(6760)
4.213	1997	7.6	心理游戏(1625)
4.212	1993	9.4	霸王别姬(446)
4.210	2006	8.1	黑皮书(52042)
4.210	2007	7.8	决战犹马镇(54997)
4.209	1994	7.5	我们四个(324)
4.209	2007	8.1	史特拉莫：未来尚未命定(57845)
4.209	1997	7.6	趣味游戏(6975)
4.208	2005	7.3	救赎(44204)
4.208	1999	8.2	恋恋三季(2610)
4.206	2008	8.2	换子疑云(63062)
4.206	1995	7.9	十二猴子(32)
4.206	2004	8.5	Control Room(9018)
4.206	1996	7.2	小镇疑云(800)
4.206	2004	8.4	恋恋笔记本(8533)
4.206	1991	7.9	时间简史(6780)
4.205	2001	7.8	十一罗汉(4963)
4.204	1993	8.5	费城故事(508)
4.204	2003	8.7	大鱼(7147)
4.203	1992	7.7	迷人的四月(1177)
4.203	2004	6.6	雷管(8914)
4.203	2000	8.7	跳出我天地(3967)
4.202	2002	7.0	秘书(5617)
4.202	1999	8.5	关于我母亲的一切(3083)
4.202	2006	6.4	机器人之恋(53161)
4.202	2007	8.0	一样的月光(58706)
4.201	1997	8.1	睁开你的双眼(2594)
4.200	1999	8.3	飓风(3178)
4.200	1996	7.0	狂宴(994)
4.200	1994	8.2	克鲁伯(162)
4.199	1997	6.8	带枪的男人(1788)
4.199	1997	7.7	大家伙(1827)
4.198	2007	8.3	在人生的另一边(55555)
4.197	2002	8.0	地下气象(8011)
4.197	1996	7.8	哈姆雷特(1411)
4.197	2001	8.5	他傻瓜谁聪明(5890)
4.197	1995	7.7	屋顶上的轻骑兵(715)
4.196	1993	8.8	因父之名(475)
4.196	2002	8.2	永远的莉莉亚(6291)
4.196	2005	7.7	与歌同行(40819)
4.196	1992	7.3	情系我心(8010)
4.195	2002	8.4	猫鼠游戏(5989)
4.194	1994	6.7	看夜更(4336)
4.193	1990	8.5	君臣人子小命呜呼(1243)
4.192	2000	7.4	逐梦郁金香(4644)
4.192	1994	7.7	玛戈皇后(302)
4.192	1998	7.3	莎翁情史(2396)
4.191	2004	8.7	爱在日落黄昏时(8638)
4.190	2006	7.5	魔术师(47610)
4.189	2002	6.9	沉静的美国人(5876)
4.188	1998	6.5	巴比伦5号：水之魂(7649)
4.188	2001	7.6	爱在屋檐下(4880)
4.187	2002	7.6	阳光下的星期一(6571)
4.187	2002	8.2	Stevie(6269)
4.187	1998	7.3	杀戮赌场(3783)
4.187	2005	8.5	安然: 房间里最聪明的人(33154)
4.187	2000	8.1	几近成名(3897)
4.186	2001	8.8	赏金猎人：天国之扉(6283)
4.186	1999	7.4	桥(3822)
4.186	2002	7.9	西班牙公寓(6370)
4.185	2005	7.9	轮椅上的竞技(34153)
4.185	2004	7.6	杀死比尔2(7438)
4.185	2007	8.1	月之阴影(55176)
4.185	2002	8.5	黄昏的清兵卫(27741)
4.185	1992	8.2	今生情未了(26796)
4.184	1997	7.5	意外的春天(1719)
4.183	2000	7.4	卧虎藏龙(3996)
4.183	1999	8.3	喜马拉雅(4312)
4.182	2005	7.5	保持缄默(42197)
4.182	1995	8.1	理智与情感(17)
4.181	1996	8.6	猜火车(778)
4.181	1995	8.4	生命因你动听(62)
4.181	2006	8.8	当幸福来敲门(47099)
4.181	2004	7.7	挑战奇迹(7263)
4.181	1997	8.6	敲开天堂的门(32460)
4.180	2004	8.8	无人知晓(31437)
4.180	2002	8.0	第25小时(5954)
4.180	1996	8.0	寻找理查三世(1050)
4.179	2006	8.0	柳暗花明(52967)
4.179	2006	7.9	这就是英格兰(52952)
4.179	2000	8.2	黑暗的日子(7932)
4.178	1993	8.2	告别有情天(515)
4.178	2003	8.5	真爱至上(6942)
4.177	1991	8.3	两生花(1176)
4.176	1996	7.4	杀戮时刻(805)
4.176	2001	6.9	唇语惊魂(5516)
4.176	2005	7.7	最后的绞刑师(58808)
4.174	1999	7.5	我的父亲母亲(6668)
4.174	2001	9.3	河流与潮汐(7096)
4.173	1999	8.0	总有骄阳(3148)
4.173	1996	8.2	一级恐惧(628)
4.173	2005	8.4	战争之王(36529)
4.173	1993	8.5	布朗克斯的故事(428)
4.173	1999	7.3	老公不及格(2690)
4.173	2003	8.7	再见列宁(7323)
4.173	2007	6.8	君士坦丁之剑(65001)
4.172	2000	8.1	大逃杀(7022)
4.171	2003	8.0	易布拉辛先生和古兰经的花(7299)
4.171	1996	6.9	瓶装火箭(101)
4.171	2006	9.1	不可理喻之人(55156)
4.171	2003	9.0	End of the Century: The Story of the Ramones (USA)(27820)
4.171	1993	7.5	世纪的哭泣(2071)
4.170	1999	7.8	玩具总动员2(3114)
4.170	1993	7.2	无事生非(497)
4.170	2001	8.4	美丽天堂(5224)
4.170	2008	7.4	宗教的荒谬(59126)
4.168	2003	7.4	闪亮的日子(7260)
4.168	2006	6.4	霍元甲(46322)
4.168	1990	8.1	无语问苍天(3105)
4.168	1999	7.5	Mr. Death: The Rise and Fall of Fred A. Leuchter, Jr.(3182)
4.167	1995	8.2	白气球(80)
4.166	2001	7.6	你妈妈也一样(5225)
4.166	1994	8.2	疯狂店员(223)
4.166	1994	7.6	疯狂的乔治王(272)
4.164	2000	7.9	浓情巧克力(4014)
4.164	1996	8.1	惊世狂花(866)
4.163	1997	9.1	小鞋子(1900)
4.163	2004	8.0	怒火救援(7445)
4.162	2006	7.6	婚礼之后(50514)
4.162	2001	8.1	半梦半醒的人生(4873)
4.162	1997	8.0	忠奸人(1466)
4.161	2001	8.0	追求幸福(8131)
4.161	2002	7.7	末路小狂花(5446)
4.161	1999	8.5	钢铁巨人(2761)
4.160	2004	7.4	蝴蝶(7254)
4.160	2006	8.1	基督营(47999)
4.159	1995	8.3	盗火线(6)
4.159	2001	8.0	新娘的儿子(5607)
4.159	2008	8.1	飓风营救(59369)
4.159	1996	6.7	赌城纵横(2952)
4.157	2003	8.0	没有我的日子(6770)
4.156	2002	7.8	玛德莲堕落少女(6591)
4.156	2007	8.8	医疗内幕(53894)
4.155	2007	7.5	布鲁克斯先生(53129)
4.155	1999	7.4	硅谷传奇(8581)
4.154	2007	7.3	东方的承诺(55118)
4.153	2001	7.9	马樱丹(4978)
4.153	2008	7.2	闪电狗(63859)
4.153	1999	6.9	曼斯菲尔德庄园(3079)
4.153	1994	6.9	燃眉追击(349)
4.152	1998	7.4	最后一夜(3008)
4.152	2000	7.3	失恋排行榜(3481)
4.152	2008	6.8	阿帕鲁萨镇(61986)
4.151	2003	8.2	有你我不怕(7382)
4.151	1998	7.3	爱的初体验(2607)
4.151	1994	8.7	狮子王(364)
4.150	1994	7.7	浅坟(319)
4.150	2006	8.0	奇异的恩典(51471)
4.149	1994	8.5	东邪西毒(757)
4.149	1997	7.6	布朗夫人(1643)
4.149	1995	8.5	一级谋杀(280)
4.148	2006	8.6	红辣椒(52885)
4.148	2004	7.7	哈利·波特与阿兹卡班的囚徒(8368)
4.148	2006	8.7	难以忽视的真相(45950)
4.148	2005	7.7	哈利·波特与火焰杯(40815)
4.147	2003	7.7	盗佛线(27801)
4.146	2008	7.6	监狱生活(60753)
4.146	2003	7.8	神秘河(6870)
4.145	2003	8.2	航向热带岛屿的冰山(7365)
4.145	1991	8.3	油炸绿番茄(1271)
4.145	2002	8.3	春天的杜鹃(6542)
4.144	1999	8.2	木兰花(3160)
4.144	1995	7.8	理查三世(41)
4.143	2003	7.5	最后的武士(7143)
4.143	1995	8.2	新悲惨世界(73)
4.143	1992	6.8	激情之鱼(1187)
4.143	1995	8.5	开麦拉狂想曲(176)
4.143	2002	7.6	见证人(6041)
4.142	2001	8.7	抛开自我空间(7572)
4.142	2004	8.2	不良教育(8973)
4.141	2007	7.6	穿越大吉岭(55269)
4.140	2006	7.8	科学睡眠(48082)
4.139	1992	8.8	闻香识女人(3252)
4.139	1996	8.2	高加索的俘虏(1450)
4.139	2004	7.9	暴力街区(42718)
4.139	2008	8.6	老爷车(64614)
4.138	2005	8.4	斯蒂威.格瑞菲:未曝光的故事(36708)
4.138	1995	7.7	红潮风暴(161)
4.138	1997	7.8	樱桃的滋味(1859)
4.137	2001	7.1	鬼童院(4902)
4.137	2002	8.2	没有过去的男人(6286)
4.137	1997	7.6	玫瑰少年梦(1734)
4.136	2004	7.3	功夫(31878)
4.136	2000	7.4	拯救格雷斯(3831)
4.135	1992	8.2	丈夫、太太与情人(5339)
4.135	1994	7.4	罪孽天使(247)
4.135	2007	7.7	失踪宝贝(55290)
4.134	2005	8.0	希望与反抗(43376)
4.134	2002	7.4	美丽坏东西(6552)
4.134	1993	8.0	真实罗曼史(555)
4.134	2001	8.3	缺席的人(4881)
4.134	1997	7.9	尽善尽美(1784)
4.133	2004	7.1	死人的鞋子(40412)
4.133	2001	7.6	季风婚宴(5135)
4.133	1995	8.7	侧耳倾听(26903)
4.133	2006	6.9	祖母的孩子(42725)
4.133	2006	8.1	回归(44694)
4.133	1994	7.8	神父同志(299)
4.132	2008	7.4	摇滚黑帮(62849)
4.132	2008	8.1	飞出个未来大电影2：万背之兽(60161)
4.131	1999	7.2	一个都不能少(3289)
4.131	2002	8.6	科伦拜校园事件(5669)
4.130	1998	7.2	赌王之王(2231)
4.130	2004	7.5	机械师(8950)
4.129	2007	6.8	太坏了(54503)
4.129	2007	7.5	虎胆龙威4(53972)
4.128	2005	8.5	帝企鹅日记(34072)
4.128	1998	8.0	乐翻天(2359)
4.128	1992	7.9	大亨游戏(1095)
4.127	2006	7.8	丑闻笔记(49961)
4.127	2004	8.6	生命的舞动(31435)
4.125	2002	8.0	我要复仇(27592)
4.124	2003	8.2	奔腾年代(6565)
4.124	2002	7.5	我的军中情人(6762)
4.123	2007	7.7	穿越苍穹(54190)
4.122	2007	7.2	人类之城(58351)
4.122	2007	8.5	乌干达天空下(58309)
4.122	2007	6.6	蒙古王(58306)
4.122	2003	7.3	X战警2(6333)
4.122	2004	7.6	美丽家园(27432)
4.122	1993	8.1	奏鸣曲(26840)
4.121	2007	8.2	美国田园下的罪恶(59418)
4.120	2000	7.8	心灵访客(4019)
4.120	2006	7.8	硫磺岛的来信(50068)
4.120	2008	6.9	行动目标希特勒(64983)
4.120	1990	8.5	母亲的城堡(5840)
4.119	2004	7.1	夹心蛋糕(27831)
4.119	2000	7.8	逃狱三王(4027)
4.118	1994	6.5	杏花三月天(844)
4.118	2003	7.8	座头市(8370)
4.118	2003	8.5	狗镇(7371)
4.118	1993	7.1	太极张三丰(26842)
4.117	2007	8.9	圣经上这么说(55620)
4.117	1992	6.8	战火赤子心(7025)
4.117	1994	8.3	猎艳狂魔(2593)
4.117	2001	9.3	Scratch(5137)
4.117	2007	7.4	莫里哀情史(54621)
4.116	2006	7.9	面纱(49772)
4.116	1997	8.2	超时空接触(1584)
4.116	2001	6.6	色戒(8485)
4.116	2006	7.6	割腕者的天堂(56715)
4.115	2008	7.4	切·格瓦拉：阿根廷(64501)
4.115	1993	7.2	墓碑镇(553)
4.115	2002	8.1	血腥星期天(5632)
4.114	2008	8.5	本杰明·巴顿奇事(64957)
4.114	1994	7.5	万尼亚在42街口(334)
4.114	2001	8.5	操作系统革命(6679)
4.113	1995	6.7	幸福就在牧场(115)
4.113	2006	7.9	超完美地狱(50011)
4.112	1994	8.8	林璎：强烈而清晰的洞察力(759)
4.112	2005	7.8	那些最伟大的比赛(37739)
4.112	1999	8.6	天堂的颜色(3456)
4.112	1999	8.2	成为约翰·马尔科维奇(2997)
4.111	1993	7.2	火线狙击(474)
4.111	2007	8.0	乐队造访(57243)
4.110	1999	8.4	我的魔鬼(3002)
4.109	1998	7.6	谋杀绿脚趾(1732)
4.109	1990	8.8	与狼共舞(590)
4.109	1999	7.1	狗男女(2580)
4.109	2003	8.6	追捕弗雷德曼家族(6380)
4.109	1995	8.1	赌城风云(16)
4.108	1992	7.6	大玩家(2289)
4.108	1998	7.8	爱我就让我快乐(2318)
4.107	1991	7.9	地中海(1184)
4.107	2006	8.4	巴黎，我爱你(50912)
4.106	2004	8.9	攻壳机动队2 无罪(27728)
4.106	2007	7.3	哈利·波特与凤凰社(54001)
4.105	2003	8.3	雪行者(33558)
4.105	2003	6.4	沙丘之子(7841)
4.105	2005	7.7	天堂此时(41527)
4.105	1993	8.5	情枭的黎明(431)
4.105	1999	7.5	校园风云(2599)
4.105	2006	8.0	大急救(48698)
4.104	2006	7.4	影片未分级(44788)
4.104	1998	8.9	楚门的世界(1682)
4.104	2001	7.9	小岛惊魂(4720)
4.104	2004	7.8	大号的我(8464)
4.102	2008	6.6	长驱直入(61253)
4.102	2006	7.5	阿基拉和拼字大赛(44709)
4.102	1999	8.3	高山上的世界杯(3241)
4.101	1992	7.4	小人物狂想曲(7286)
4.099	1995	8.7	爱在黎明破晓前(215)
4.098	2000	6.9	人狗对对碰(3911)
4.097	2007	7.2	破绽(52604)
4.095	1998	7.8	移魂都市(1748)
4.094	1993	8.3	喜福会(1678)
4.094	2002	7.5	烤肉点(8070)
4.093	2001	8.2	兵临城下(4223)
4.093	1997	8.6	小偷(8025)
4.093	1998	7.1	零办法(1845)
4.092	1996	7.3	艾玛(838)
4.092	2004	8.0	替天行盗(33903)
4.092	1997	7.5	六重唱(2493)
4.091	1999	7.6	加油站袭击事件(8805)
4.090	2007	8.4	自由作家(49910)
4.090	1999	7.3	鬼狗杀手(3328)
4.090	2000	7.6	夏天的滋味(4391)
4.089	2005	8.0	卡特教练(31225)
4.089	1990	8.7	60年代的伯克利(7488)
4.089	2004	7.0	2046(27266)
4.089	2004	7.6	怪物史瑞克2(8360)
4.088	1990	7.4	豪门孽债(4211)
4.088	2002	7.7	烽烟岁月(5817)
4.087	2002	7.7	猫的报恩(27731)
4.086	1990	7.5	菊豆(26694)
4.086	1992	8.1	人咬狗(3266)
4.086	1997	7.2	来自天上的声音(1694)
4.086	2006	7.7	关塔那摩之路(46559)
4.086	1993	8.6	不一样的天空(337)
4.086	1991	8.3	地球之夜(1279)
4.086	1998	7.7	同窗的爱(7034)
4.085	1992	6.5	爱国者游戏(3256)
4.083	1994	8.2	天涯海角(314)
4.082	2004	7.9	维拉·德雷克(8951)
4.082	2000	8.2	分道不扬镳(4347)
4.082	1999	8.0	洗澡(3787)
4.081	2006	7.2	疯狂店员2(45728)
4.081	1992	7.1	四千金的情人(6442)
4.081	2008	7.4	银行大劫案(58295)
4.081	1993	7.7	水泥花园(1437)
4.081	2008	7.8	马拉多纳(61742)
4.081	2008	7.4	古怪因子(60293)
4.080	2007	8.4	一望无际(55071)
4.080	2002	8.5	弗里达(5791)
4.080	1997	8.6	春光乍泄(7486)
4.080	2007	7.2	说做就做的人(56671)
4.079	2006	7.5	波特小姐(50160)
4.079	2003	6.2	单身男子俱乐部(6188)
4.079	1994	8.9	钮扣战争(8221)
4.079	2008	8.0	杀手没有假期(57669)
4.079	1990	8.3	危情十日(3499)
4.079	2001	7.3	下岗风波(4381)
4.079	1995	7.5	和平饭店(787)
4.078	1991	7.7	黄飞鸿(6721)
4.078	2004	7.7	水中漫步(32025)
4.078	1991	8.5	追梦者(3060)
4.078	2005	7.6	克来蒙的帕妃小姐(47148)
4.078	1994	7.8	不朽真情(249)
4.078	1997	7.9	冰风暴(1635)
4.077	2004	7.2	西蒙(33603)
4.077	2005	7.7	我心遗忘的节奏(34148)
4.077	2002	7.5	少数派报告(5445)
4.076	2004	7.1	舞台丽人(8915)
4.075	1993	7.7	银色·性·男女(535)
4.075	2007	7.8	刑房(52281)
4.075	2005	7.6	亲切的金子(42632)
4.075	2004	7.6	割礼龙凤斗(31359)
4.074	1998	8.5	秋天的故事(2708)
4.074	1997	7.8	第五元素(1527)
4.074	2006	7.6	寻爱之旅(60393)
4.073	1994	9.1	新鲜(456)
4.073	1998	7.6	死亡密码(1921)
4.073	2005	6.9	追凶(44761)
4.073	2004	7.9	希特勒的男孩(33124)
4.072	1996	6.7	格雷的剖析(4175)
4.072	1992	8.0	黑潮(3246)
4.072	1996	8.3	浮云世事(26939)
4.071	2003	7.5	五道障碍(8930)
4.071	2000	7.3	奇迹小子(3317)
4.071	1996	7.7	沉睡者(1061)
4.071	1993	7.9	侏罗纪公园(480)
4.070	1993	8.7	追梦赤子心(524)
4.070	2007	7.8	控制(55444)
4.070	1992	8.3	大河恋(3100)
4.069	1998	8.5	水牛城66(1916)
4.068	2000	8.6	吸血鬼猎人D(5146)
4.068	2000	7.7	沙之下(4273)
4.068	2003	7.6	欲盖弥彰(6932)
4.068	2001	8.2	哈利·波特与魔法石(4896)
4.068	1996	7.6	死亡论文(5570)
4.068	2004	7.9	在我父亲的洞穴里(27866)
4.068	2002	7.6	毁灭之路(5464)
4.067	2000	7.7	战争存亡录(4769)
4.067	2007	7.5	充气娃娃之恋(55280)
4.067	2003	7.6	美国荣耀(6620)
4.066	1997	7.5	星舰家族(2693)
4.066	1995	7.7	欢迎光临娃娃屋(562)
4.066	2003	9.6	乔治哈里森纪念演唱会(6864)
4.065	2004	7.7	神秘肌肤(33171)
4.065	2001	7.8	我的野蛮女友(27523)
4.065	1998	6.8	巨猩乔扬(2310)
4.064	2000	7.6	牛奶的代价(4157)
4.064	1995	6.7	美国总统(11)
4.064	1996	8.4	第八日(1117)
4.063	2006	6.8	珍爱泉源(48043)
4.063	1994	7.7	影子大亨(471)
4.062	1992	7.7	人鼠之间(3271)
4.062	2002	7.3	关于一个男孩(5377)
4.062	2001	8.1	何处是我家(6216)
4.062	2003	7.9	失控的陪审团(6879)
4.061	1998	7.9	众神与野兽(2333)
4.060	2006	7.0	玩命记忆(51037)
4.060	2001	8.4	千年女优(6713)
4.060	1991	8.2	巴顿·芬克(6440)
4.060	1991	8.2	情如物证(7020)
4.060	2005	8.2	超级无敌掌门狗：人兔的诅咒(38038)
4.060	2000	6.0	沙丘魔堡2000(7842)
4.059	1997	7.7	光猪六壮士(1641)
4.059	1994	7.8	折翼母亲(263)
4.058	2002	7.7	折翼(7349)
4.058	2003	8.8	疯狂约会美丽都(6773)
4.057	2004	6.8	爱之吻(27851)
4.057	2006	7.5	时空线索(49278)
4.057	1998	8.2	王牌对王牌(2058)
4.057	1991	8.0	街区男孩(6796)
4.056	1998	7.8	苹果(2503)
4.056	2003	7.1	蔷花，红莲(7982)
4.056	2006	6.1	好警察，坏警察(47394)
4.056	2005	8.3	魔鬼詩篇(44633)
4.056	1990	8.2	春天的故事(5236)
4.055	2003	8.1	我是大卫(8982)
4.054	2002	7.2	蜘蛛侠(5349)
4.054	1999	7.2	周末狂欢(3581)
4.054	2003	7.1	不一样的奇遇(8809)
4.054	2004	7.2	借刀杀人(8798)
4.053	2001	7.8	大毒枭(4239)
4.053	2000	8.3	黑暗中的舞者(3910)
4.052	2007	7.5	恐怖星球(54995)
4.052	2001	6.7	替天行道(5294)
4.052	2000	8.6	污秽与愤怒(3539)
4.051	2008	8.6	和巴什尔跳华尔兹(61236)
4.051	2007	7.0	迈克尔·克莱顿(55276)
4.051	1998	7.0	绝地计划(2391)
4.051	1993	7.7	青木瓜之味(7745)
4.050	2002	8.4	山村犹有读书声(6772)
4.050	2003	7.7	厨房故事(7297)
4.049	1998	7.9	烟火讯号(1914)
4.049	2006	7.0	黑暗扫描仪(27904)
4.049	1990	7.1	无罪的罪人(7018)
4.049	1993	7.2	冒牌总统(440)
4.047	2008	7.9	七磅(64716)
4.047	1999	8.9	我的意大利之旅(8755)
4.047	2007	7.9	四月三周两天(55069)
4.047	2004	7.5	苹果核战记(31184)
4.046	2000	8.1	五星级杀人夜(4772)
4.046	2005	7.7	晚安，好运(39292)
4.046	2007	7.0	魔法奇缘(56152)
4.045	1996	7.7	星际旅行8：第一类接触(1356)
4.045	2006	8.8	可卡因牛仔(50851)
4.045	2002	7.9	疾走天堂(5633)
4.045	1997	8.5	千钧一发(1653)
4.043	1991	7.8	黑袍(4688)
4.042	2007	7.7	第二滴血(59141)
4.042	2000	7.4	雪地里的情人(4160)
4.042	1995	6.8	星期五(69)
4.042	2007	6.4	查理·威尔森的战争(56788)
4.041	2001	8.3	黑鹰坠落(5010)
4.041	2006	7.5	万夫莫敌(47644)
4.041	1996	7.3	甜心先生(1393)
4.041	1998	7.0	情话童真(2125)
4.041	2002	7.1	冲出逆境(5955)
4.041	2005	7.9	不朽的园丁(36517)
4.041	2006	7.9	同名人(51884)
4.040	2001	8.1	信徒(5379)
4.040	1997	7.7	活色生香(1844)
4.039	2004	8.1	太极旗飘扬(27869)
4.039	1993	8.3	沙地传奇(5103)
4.039	2002	7.0	绅士与淑女(6588)
4.039	1992	7.7	霍华德庄园(3260)
4.039	1998	7.8	的士速递(8604)
4.039	2005	8.1	杀戮禁区(49265)
4.038	2001	7.7	露西亚的情人(5477)
4.038	2002	8.3	冰川时代(5218)
4.037	2002	7.2	我们曾经是战士(5152)
4.037	2007	8.3	辛普森一家(54272)
4.036	2002	7.6	真相拼图(27391)
4.036	2001	7.8	训练日(4776)
4.036	1995	7.1	耍酷一族(180)
4.036	1996	7.5	良缘知己(803)
4.036	2006	8.4	变态者电影指南(64278)
4.036	2008	8.1	走钢丝的人(60766)
4.034	1997	6.7	这个杀手将有难(1500)
4.034	1992	7.3	天生赢家(1171)
4.033	2000	8.0	黑洞频率(3510)
4.032	1998	6.0	生命之书(8629)
4.032	1990	7.1	美国梦(1169)
4.032	1994	7.8	机智问答(300)
4.032	2006	7.6	女王(47629)
4.032	1990	8.2	适者生存(4174)
4.032	1997	7.8	心火(2197)
4.032	2001	6.6	全职杀手(6506)
4.032	2003	7.4	日历女郎(7155)
4.031	1992	7.9	阿拉丁(588)
4.031	1998	8.4	她比烟花寂寞(2442)
4.031	1998	7.3	花木兰(1907)
4.031	2003	8.6	大卫·戈尔的一生(6187)
4.031	2007	7.7	从心开始(51931)
4.031	1997	8.1	妖夜慌踪(1464)
4.030	2006	8.3	都是菲德尔的错(56141)
4.030	1991	7.4	再续前世情(3044)
4.030	2001	8.2	狗镇和滑板少年(5325)
4.029	1997	8.5	不留活口之交战守则(6667)
4.029	2006	8.2	人体雕像(48231)
4.029	1991	8.1	美女与野兽(595)
4.029	2002	7.7	哈利·波特与密室(5816)
4.029	1995	7.9	哭泣的大地(40)
4.029	2006	7.7	地狱之火(59684)
4.028	2005	7.4	全民情敌(31685)
4.028	2005	7.6	慕尼黑(41997)
4.028	2006	6.6	真爱之吻(58347)
4.027	2006	7.6	身为人母(48696)
4.027	2007	7.1	十二宫(51540)
4.027	2006	7.7	夺命枪火(43921)
4.027	1998	8.2	伊朗式離婚(7644)
4.026	2005	8.2	灰熊人(34542)
4.026	1990	7.7	大鼻子情圣(1277)
4.026	1990	8.5	梦(6270)
4.026	2005	7.5	水果硬糖(44974)
4.026	1996	6.0	笑弹终结者(671)
4.025	2006	8.3	光荣之路(42730)
4.025	2003	8.7	我的建筑师(6945)
4.025	2005	8.3	水(43333)
4.024	2003	7.9	尘雾家园(7158)
4.024	2005	8.2	街头舞魂(33838)
4.024	1999	7.1	怒犯天条(3052)
4.024	2005	7.8	川流熙攘(34271)
4.024	1991	6.5	调情(5637)
4.024	1996	7.5	温馨真情(848)
4.023	1996	8.2	一诺千金(1533)
4.023	1995	8.5	小公主(262)
4.023	2000	8.1	永不妥协(3408)
4.023	1997	7.4	空中花园(1879)
4.022	2007	8.2	男孩A(59995)
4.022	1997	7.8	黑衣人(1580)
4.022	2006	8.3	香水(48997)
4.021	2001	8.4	通往自由的通道(27376)
4.021	2005	7.0	关键协议(39381)
4.021	2002	6.7	刀走偏锋(7827)
4.021	1990	8.3	孟菲斯美女号(8493)
4.020	2006	7.1	成人式(47778)
4.020	1996	6.8	爱火(6683)
4.019	2004	7.0	三更2(33896)
4.019	2005	7.6	决不让步(39234)
4.019	2000	7.6	毒品网络(4034)
4.019	2001	7.6	好女向前行(6056)
4.018	2003	7.4	偷天换日(6378)
4.018	2007	7.5	决战以拉谷(55094)
4.017	2005	8.1	爱情我你他(33880)
4.017	1998	7.2	随心所欲(2443)
4.017	2003	8.5	东京教父(8607)
4.017	2003	7.9	21克(6953)
4.016	2001	7.5	我的第一先生(4849)
4.016	2003	8.0	真情电波(6887)
4.016	2002	8.1	电影狂(6368)
4.016	1998	7.7	青春年少(2395)
4.016	1992	7.8	我的表兄维尼(2302)
4.016	1992	6.6	潜行者(1396)
4.015	2003	8.4	无关紧要(33358)
4.014	2008	6.6	黄石的孩子(60046)
4.013	2000	8.0	怒海潜将(3980)
4.013	1993	7.3	六度分离(538)
4.013	2000	7.4	X战警(3793)
4.013	1996	7.7	凤舞红尘(650)
4.012	2006	7.5	赛车总动员(45517)
4.012	2007	7.2	爸爸的女儿们(51082)
4.011	2004	8.1	其实在天堂(27857)
4.011	2004	7.3	森林人(30820)
4.011	2005	8.2	甜蜜大陆(50066)
4.011	1991	7.8	都市浪人(6978)
4.011	2000	7.6	惊爆十三天(4033)
4.009	2002	6.2	少年维特的成长(6268)
4.009	2003	7.5	没问题侠客(27850)
4.009	2007	6.6	插画情缘(56908)
4.009	1990	7.6	理发师的情人(8270)
4.009	2007	6.6	一夜大肚(52973)
4.008	2003	8.4	致命ID(6323)
4.008	2002	7.1	惊变28天(6502)
4.008	2001	7.8	儿子的房间(5073)
4.008	1990	7.2	异世浮生(3476)
4.008	1998	7.7	永无止境(2237)
4.008	1990	8.1	喋血街头(26681)
4.007	1999	7.5	天雷勾动地火(2721)
4.007	2002	6.4	我爱贝克汉姆(6218)
4.007	2005	8.0	小提琴革命曲(60475)
4.007	2008	7.9	选票风波(59810)
4.006	2003	7.6	天地无限(6617)
4.006	1990	6.4	致命赌局(1179)
4.006	1995	6.3	你爱他(171)
4.006	2004	8.2	等爱的女孩(33722)
4.006	2007	8.2	八月迷情(55872)
4.006	2000	8.1	大佬(4640)
4.005	1997	8.1	勇者无惧(1693)
4.005	2008	7.7	午夜巴塞罗那(60950)
4.005	2003	7.7	监狱淌血(7459)
4.005	1999	7.6	圣诗复仇(3181)
4.004	2007	7.6	太空堡垒卡拉狄加：利刃(56921)
4.004	1993	7.9	不如重新开始(6436)
4.003	2006	7.9	超市夜未眠(53318)
4.002	1998	7.3	将军(2425)
4.002	2003	7.6	女魔头(7160)
4.002	1999	6.3	英国水手(2912)
4.002	2007	6.9	改朝换代(54736)
4.002	2001	8.8	我是山姆(5014)
4.002	1998	7.9	国家公敌(2353)
4.001	1994	8.4	蓝白红三部曲之白(308)
4.001	2007	7.2	混沌理论(59985)
4.001	1992	6.7	错误行动(3728)
4.001	2001	8.2	巴黎芭蕾歌舞剧院的舞蹈家们(5811)
4.000	2003	7.9	奥萨玛(7177)
4.000	1998	6.2	战略高手(1912)
4.000	2002	7.3	恶魔的游乐场(6963)
4.000	2005	7.0	宛如天堂(36525)
3.999	1995	7.7	真爱未了情(645)
3.999	2006	7.6	金门大桥(48262)
3.999	1997	7.1	猜・情・寻(1639)
3.999	2008	6.4	忘掉莎拉·马歇尔(58998)
3.999	1998	7.4	浪人(2278)
3.999	1997	8.0	造雨人(1672)
3.998	2003	7.7	四月碎片(6881)
3.998	2001	7.8	幽灵世界(4641)
3.998	2006	8.6	穿越时空的少女(57504)
3.998	1994	7.4	四个婚礼和一个葬礼(357)
3.996	1999	6.4	巴比伦5号：战斗的号令(7810)
3.996	1992	6.8	火腿，火腿(8273)
3.996	1992	7.4	杀手悲歌(3267)
3.996	2008	6.8	公爵夫人(62293)
3.995	1992	7.9	印度支那(2943)
3.995	2005	8.1	穿越美国(42004)
3.994	1997	8.0	Der Salzmänner von Tibet(2129)
3.994	1992	7.7	班尼的录像带(52666)
3.994	2007	7.5	玉米大亨(59607)
3.994	1995	8.5	热泪伤痕(230)
3.994	1999	7.8	东就是东(3538)
3.994	1991	8.7	刺杀肯尼迪(3386)
3.994	1996	9.6	硬核标志(2342)
3.994	1996	7.9	奏出新希望(1542)
3.993	2001	8.4	穆赫兰道(4848)
3.993	1997	8.0	心慌方(2232)
3.993	2007	8.3	飞出个未来大电影1：班德大行动(56251)
3.993	2008	8.6	刚左传奇：亨特托马森博士的前世今生(60291)
3.993	2006	7.5	后继有人(49793)
3.992	1999	7.8	随风而逝(27255)
3.992	2008	7.0	明星助理(58490)
3.991	1996	7.4	不一样的本能(802)
3.991	2005	7.4	曼德勒(39869)
3.991	2004	7.7	给鲍比·朗的情歌(30848)
3.990	1993	7.4	少年黄飞鸿之铁马骝(4846)
3.989	2002	7.2	新郎百分百(6710)
3.989	1997	7.2	烽火惊爆线(1670)
3.987	1990	7.4	我心狂野(7044)
3.987	2004	7.3	百万小宝贝(27790)
3.987	2004	6.9	蜘蛛侠2(8636)
3.987	2004	6.3	高校六甲生(8366)
3.986	1994	7.6	野芦苇(896)
3.986	2003	8.7	黑客帝国动画版(27660)
3.986	2005	8.9	重金属之旅(46347)
3.986	2007	7.2	完美无瑕(57353)
3.986	2008	6.9	水之患(61357)
3.986	2008	6.8	谎言之躯(62374)
3.985	1994	7.4	醉拳Ⅱ(3972)
3.985	2007	7.7	夜晚出发(56508)
3.985	1998	7.6	虫虫危机(2355)
3.985	2005	8.0	僵尸新娘(37729)
3.984	2003	7.3	怒海争锋(6947)
3.984	1994	7.9	生死时速(377)
3.983	2003	7.3	风载歌行(6296)
3.983	1990	8.7	剪刀手爱德华(2291)
3.983	2004	7.9	水中生活(30810)
3.982	1999	7.2	秘密遗产(2583)
3.982	2006	7.3	内陆帝国(49932)
3.982	1997	8.1	重生(6388)
3.982	1995	7.1	正当防卫(257)
3.981	2001	6.7	少林足球(6618)
3.980	2002	8.3	芝加哥(5991)
3.980	2001	7.4	坏小子(33592)
3.980	1999	8.0	男孩别哭(2908)
3.979	1997	7.5	黛洛维夫人(1684)
3.979	2004	7.8	华氏911(8622)
3.979	1996	7.0	罗密欧与朱丽叶(1059)
3.979	2000	7.0	拜见岳父大人(3948)
3.979	2005	6.5	艺伎回忆录(41571)
3.978	2001	6.6	大逃杀生还者(4166)
3.978	1998	7.5	双面情人(1680)
3.978	1999	8.5	南方公园(2700)
3.978	2005	6.4	婚礼傲客(34162)
3.978	1992	7.7	群尸玩过界(1241)
3.977	2004	7.4	国家宝藏(8972)
3.975	1993	7.8	心中的地图(8710)
3.975	1990	7.5	倩女幽魂Ⅱ人间道(64900)
3.974	1991	7.4	天涯沦落两心知(3108)
3.974	1996	7.5	巨浪(86)
3.974	2001	6.8	间谍游戏(4901)
3.973	2006	7.4	贝拉(59440)
3.973	2000	7.8	时光倒流470(4738)
3.973	2002	9.5	I Am Trying to Break Your Heart(6306)
3.973	1995	7.5	二见钟情(339)
3.972	1994	7.9	幽国车站(26875)
3.972	1995	7.1	乱世情缘(43)
3.972	2006	7.6	自由意志(63645)
3.972	2000	7.7	在一起(4741)
3.971	2003	7.8	迷失东京(6711)
3.971	1997	7.4	苦难(2439)
3.970	2002	7.9	24小时狂欢派对(5508)
3.970	2003	7.4	别有洞天(6297)
3.970	2000	7.9	爱国者(3753)
3.970	2002	7.5	红龙(5630)
3.970	2002	7.7	心灵投手(5267)
3.969	1998	6.9	我为玛丽狂(1923)
3.969	1996	7.2	密西西比的鬼魂(1401)
3.969	1994	7.1	土匪女皇(2284)
3.968	1999	8.6	布达佩斯之恋(6939)
3.967	1999	6.3	灵异骇客(2841)
3.967	1993	7.9	赤裸裸(501)
3.967	1997	7.3	四个小女孩(4217)
3.967	1994	7.9	真实的谎言(380)
3.966	1993	7.8	巧克力盒(321)
3.965	2007	7.7	色，戒(55253)
3.965	2005	7.4	百万杀人游戏(48872)
3.965	2004	8.0	不真实的国度(30892)
3.964	1991	6.8	爱就是这么奇妙(2108)
3.964	2001	6.6	拜访者Q(5909)
3.964	2002	7.7	星际宝贝(5444)
3.964	2007	7.4	寻找午夜之吻(53769)
3.964	2008	6.7	爱的边缘(60894)
3.963	1998	7.1	夺命感应(1754)
3.963	2004	8.6	电锯惊魂(8957)
3.962	2005	7.7	雾都孤儿(37736)
3.962	2005	7.0	好日子(45658)
3.962	2002	7.4	甜心大话王(5380)
3.962	1999	6.3	第三个奇迹(3183)
3.961	2002	6.8	叛逆骄阳(5421)
3.961	2004	7.3	活死人黎明(7360)
3.961	2000	6.3	爱归来(3512)
3.960	1997	7.3	极度失眠(1889)
3.960	2008	8.0	饥饿(64197)
3.959	1993	6.9	糖衣陷阱(454)
3.959	1996	6.8	革命小子(1516)
3.959	1997	7.2	法国香颂(7758)
3.959	2006	8.2	启示(48304)
3.959	1990	6.6	纽约王(1785)
3.959	2004	8.3	歌剧魅影(30816)
3.958	1999	6.8	切肤之爱(27317)
3.958	2002	7.0	五月魔女(6063)
3.958	2008	7.8	The End of Poverty?(60333)
3.958	2008	6.8	鬼镇(61729)
3.958	2007	7.1	十三罗汉(53322)
3.957	1997	8.0	反串仍是爱(1535)
3.957	2008	7.3	尚格·云顿(63222)
3.957	2005	7.7	卡波特(37741)
3.956	1994	8.1	沙漠妖姬(345)
3.956	1998	7.5	拯救者(2358)
3.956	2001	6.1	蛮牛战士(6567)
3.956	1995	8.0	篮球日记(147)
3.956	1994	6.6	业余爱好者(149)
